<?xml version="1.0" encoding="utf-8"?>
<COLLADA xmlns="http://www.collada.org/2005/11/COLLADASchema" version="1.4.1">
  <asset><contributor><author>Mixamo</author><authoring_tool>COLLADA Mixamo exporter</authoring_tool><comments></comments></contributor><created>2019-11-11T02:15:24Z</created><modified>2019-11-11T02:15:24Z</modified><revision></revision><title></title><unit meter="0.010000"/><up_axis>Y_UP</up_axis></asset>
  <library_animations>
    <animation id="Hips-anim" name="Hips"><source id="Hips-Matrix-animation-input"><float_array id="Hips-Matrix-animation-input-array" count="129">

0.000000 0.033333 0.066667 0.100000 0.133333 0.166667 0.200000 0.233333 0.266667 0.300000 0.333333 0.366667 0.400000 0.433333 0.466667 0.500000
0.533333 0.566667 0.600000 0.633333 0.666667 0.700000 0.733333 0.766667 0.800000 0.833333 0.866667 0.900000 0.933333 0.966667 1.000000 1.033333
1.066667 1.100000 1.133333 1.166667 1.200000 1.233333 1.266667 1.300000 1.333333 1.366667 1.400000 1.433333 1.466667 1.500000 1.533333 1.566667
1.600000 1.633333 1.666667 1.700000 1.733333 1.766667 1.800000 1.833333 1.866667 1.900000 1.933333 1.966667 2.000000 2.033333 2.066667 2.100000
2.133333 2.166667 2.200000 2.233333 2.266667 2.300000 2.333333 2.366667 2.400000 2.433333 2.466667 2.500000 2.533333 2.566667 2.600000 2.633333
2.666667 2.700000 2.733333 2.766667 2.800000 2.833333 2.866667 2.900000 2.933333 2.966667 3.000000 3.033333 3.066667 3.100000 3.133333 3.166667
3.200000 3.233333 3.266667 3.300000 3.333333 3.366667 3.400000 3.433333 3.466667 3.500000 3.533333 3.566667 3.600000 3.633333 3.666667 3.700000
3.733333 3.766667 3.800000 3.833333 3.866667 3.900000 3.933333 3.966667 4.000000 4.033333 4.066667 4.100000 4.133333 4.166667 4.200000 4.233333
4.266667</float_array><technique_common><accessor source="#Hips-Matrix-animation-input-array" count="129"><param name="TIME" type="float"/></accessor></technique_common></source><source id="Hips-Matrix-animation-output-transform"><float_array id="Hips-Matrix-animation-output-transform-array" count="2064">

0.985510 -0.028740 -0.167165 -0.195016 0.038911 0.997564 0.057891 83.653244 0.165094 -0.063557 0.984228 0.784112 0.000000 0.000000 0.000000 1.000000
0.986575 -0.030264 -0.160483 -0.304547 0.040416 0.997357 0.060378 83.634674 0.158232 -0.066054 0.985190 0.785632 0.000000 0.000000 0.000000 1.000000
0.987616 -0.031746 -0.153643 -0.405449 0.041824 0.997148 0.062815 83.616585 0.151210 -0.068463 0.986128 0.827858 0.000000 0.000000 0.000000 1.000000
0.988515 -0.033177 -0.147438 -0.501436 0.043188 0.996936 0.065222 83.600746 0.144822 -0.070841 0.986919 0.914859 0.000000 0.000000 0.000000 1.000000
0.989153 -0.034536 -0.142774 -0.596138 0.044563 0.996714 0.067643 83.588242 0.139969 -0.073271 0.987441 1.048435 0.000000 0.000000 0.000000 1.000000
0.989472 -0.035799 -0.140226 -0.650079 0.045961 0.996494 0.069913 83.578949 0.137232 -0.075622 0.987648 1.221209 0.000000 0.000000 0.000000 1.000000
0.989519 -0.036935 -0.139600 -0.655640 0.047275 0.996320 0.071496 83.570984 0.136445 -0.077346 0.987624 1.424273 0.000000 0.000000 0.000000 1.000000
0.989406 -0.037966 -0.140120 -0.615415 0.048399 0.996243 0.071817 83.568817 0.136867 -0.077837 0.987527 1.649054 0.000000 0.000000 0.000000 1.000000
0.989238 -0.038785 -0.141083 -0.536224 0.049158 0.996279 0.070793 83.569138 0.137813 -0.076967 0.987463 1.889570 0.000000 0.000000 0.000000 1.000000
0.989040 -0.039275 -0.142329 -0.424233 0.049467 0.996404 0.068790 83.567238 0.139116 -0.075077 0.987426 2.142630 0.000000 0.000000 0.000000 1.000000
0.988777 -0.039466 -0.144090 -0.283668 0.049412 0.996588 0.066116 83.561798 0.140989 -0.072494 0.987353 2.410192 0.000000 0.000000 0.000000 1.000000
0.988413 -0.039515 -0.146552 -0.117792 0.049160 0.996816 0.062783 83.554398 0.143604 -0.069260 0.987209 2.698659 0.000000 0.000000 0.000000 1.000000
0.987952 -0.039553 -0.149623 0.070750 0.048812 0.997080 0.058720 83.547356 0.146864 -0.065316 0.986998 3.013975 0.000000 0.000000 0.000000 1.000000
0.987431 -0.039623 -0.153000 0.279720 0.048380 0.997372 0.053938 83.542282 0.150461 -0.060662 0.986753 3.357731 0.000000 0.000000 0.000000 1.000000
0.986903 -0.039717 -0.156350 0.507663 0.047804 0.997688 0.048303 83.538750 0.154070 -0.055144 0.986520 3.728492 0.000000 0.000000 0.000000 1.000000
0.986396 -0.039825 -0.159491 0.754107 0.047083 0.998008 0.041988 83.536598 0.157502 -0.048926 0.986306 4.120056 0.000000 0.000000 0.000000 1.000000
0.985901 -0.039959 -0.162487 1.019497 0.046274 0.998306 0.035268 83.535683 0.160803 -0.042290 0.986080 4.526360 0.000000 0.000000 0.000000 1.000000
0.985379 -0.040125 -0.165587 1.304624 0.045458 0.998558 0.028542 83.536118 0.164203 -0.035652 0.985782 4.943328 0.000000 0.000000 0.000000 1.000000
0.984787 -0.040368 -0.169013 1.609579 0.044759 0.998750 0.022245 83.537773 0.167904 -0.029471 0.985363 5.368594 0.000000 0.000000 0.000000 1.000000
0.984117 -0.040810 -0.172764 1.932965 0.044348 0.998877 0.016666 83.539764 0.171890 -0.024063 0.984822 5.799467 0.000000 0.000000 0.000000 1.000000
0.983397 -0.041567 -0.176644 2.271936 0.044338 0.998947 0.011768 83.540436 0.175969 -0.019404 0.984204 6.231441 0.000000 0.000000 0.000000 1.000000
0.982659 -0.042604 -0.180461 2.622768 0.044627 0.998978 0.007163 83.537674 0.179971 -0.015092 0.983556 6.658432 0.000000 0.000000 0.000000 1.000000
0.981924 -0.043691 -0.184163 2.981066 0.044894 0.998989 0.002367 83.529053 0.183874 -0.010592 0.982893 7.073758 0.000000 0.000000 0.000000 1.000000
0.981206 -0.044612 -0.187735 3.341621 0.044874 0.998989 -0.002853 83.514519 0.187672 -0.005625 0.982216 7.470765 0.000000 0.000000 0.000000 1.000000
0.980562 -0.045273 -0.190915 3.700740 0.044501 0.998975 -0.008331 83.491951 0.191097 -0.000327 0.981571 7.843390 0.000000 0.000000 0.000000 1.000000
0.980108 -0.045795 -0.193111 4.056968 0.043977 0.998939 -0.013693 83.459686 0.193533 0.004928 0.981081 8.187107 0.000000 0.000000 0.000000 1.000000
0.979944 -0.046465 -0.193780 4.409055 0.043676 0.998872 -0.018643 83.420433 0.194427 0.009806 0.980868 8.500568 0.000000 0.000000 0.000000 1.000000
0.980017 -0.047544 -0.193150 4.752061 0.043907 0.998769 -0.023072 83.382225 0.194009 0.014131 0.980898 8.786825 0.000000 0.000000 0.000000 1.000000
0.980060 -0.049070 -0.192547 5.076671 0.044704 0.998636 -0.026959 83.354378 0.193607 0.017814 0.980917 9.051734 0.000000 0.000000 0.000000 1.000000
0.979731 -0.050828 -0.193763 5.372692 0.045815 0.998491 -0.030265 83.342278 0.195009 0.020774 0.980581 9.299047 0.000000 0.000000 0.000000 1.000000
0.978835 -0.052494 -0.197805 5.635070 0.046879 0.998356 -0.032964 83.346313 0.199210 0.022993 0.979687 9.526258 0.000000 0.000000 0.000000 1.000000
0.977459 -0.053780 -0.204160 5.865965 0.047582 0.998249 -0.035152 83.363365 0.205693 0.024645 0.978306 9.725568 0.000000 0.000000 0.000000 1.000000
0.975913 -0.054507 -0.211242 6.070383 0.047717 0.998171 -0.037114 83.387276 0.212878 0.026141 0.976729 9.887665 0.000000 0.000000 0.000000 1.000000
0.974538 -0.054460 -0.217506 6.250517 0.047021 0.998123 -0.039234 83.415314 0.219235 0.028007 0.975270 10.006848 0.000000 0.000000 0.000000 1.000000
0.973507 -0.053402 -0.222336 6.402204 0.045214 0.998104 -0.041761 83.448906 0.224144 0.030602 0.974075 10.079229 0.000000 0.000000 0.000000 1.000000
0.972758 -0.051161 -0.226107 6.517163 0.042129 0.998117 -0.044593 83.490738 0.227962 0.033853 0.973081 10.098791 0.000000 0.000000 0.000000 1.000000
0.972104 -0.047758 -0.229635 6.587023 0.037865 0.998163 -0.047299 83.542503 0.231472 0.037285 0.972127 10.055874 0.000000 0.000000 0.000000 1.000000
0.971388 -0.043530 -0.233475 6.604848 0.032843 0.998236 -0.049468 83.601601 0.235216 0.040384 0.971104 9.940370 0.000000 0.000000 0.000000 1.000000
0.970581 -0.039142 -0.237574 6.564298 0.027746 0.998307 -0.051126 83.660622 0.239173 0.043031 0.970023 9.748114 0.000000 0.000000 0.000000 1.000000
0.969767 -0.035457 -0.241444 6.459654 0.023370 0.998335 -0.052740 83.711815 0.242911 0.045503 0.968981 9.485271 0.000000 0.000000 0.000000 1.000000
0.969038 -0.033237 -0.244666 6.288392 0.020440 0.998296 -0.054659 83.751015 0.246066 0.047965 0.968066 9.165675 0.000000 0.000000 0.000000 1.000000
0.968400 -0.032800 -0.247235 6.054437 0.019372 0.998212 -0.056551 83.778091 0.248647 0.049975 0.967304 8.803026 0.000000 0.000000 0.000000 1.000000
0.967811 -0.033799 -0.249398 5.769474 0.020052 0.998147 -0.057457 83.795731 0.250878 0.050606 0.966695 8.405499 0.000000 0.000000 0.000000 1.000000
0.967289 -0.035344 -0.251203 5.449995 0.021813 0.998167 -0.056449 83.808289 0.252738 0.049123 0.966287 7.977009 0.000000 0.000000 0.000000 1.000000
0.966978 -0.036456 -0.252238 5.110789 0.023749 0.998299 -0.053239 83.819244 0.253750 0.045490 0.966200 7.521564 0.000000 0.000000 0.000000 1.000000
0.967069 -0.036543 -0.251879 4.759825 0.025178 0.998520 -0.048199 83.830322 0.253267 0.040269 0.966558 7.046183 0.000000 0.000000 0.000000 1.000000
0.967649 -0.035530 -0.249785 4.399159 0.025847 0.998786 -0.041941 83.845222 0.250972 0.034128 0.967393 6.560416 0.000000 0.000000 0.000000 1.000000
0.968618 -0.033764 -0.246248 4.028259 0.025943 0.999053 -0.034937 83.864128 0.247195 0.027452 0.968577 6.070415 0.000000 0.000000 0.000000 1.000000
0.969739 -0.031686 -0.242078 3.647551 0.025782 0.999289 -0.027517 83.882744 0.242778 0.020443 0.969867 5.576840 0.000000 0.000000 0.000000 1.000000
0.970785 -0.029579 -0.238120 3.258982 0.025527 0.999472 -0.020082 83.893333 0.238588 0.013417 0.971028 5.078448 0.000000 0.000000 0.000000 1.000000
0.971666 -0.027550 -0.234746 2.864799 0.025168 0.999597 -0.013138 83.889786 0.235014 0.006858 0.971968 4.579067 0.000000 0.000000 0.000000 1.000000
0.972454 -0.025645 -0.231679 2.467207 0.024696 0.999671 -0.006994 83.871490 0.231782 0.001080 0.972767 4.091177 0.000000 0.000000 0.000000 1.000000
0.973297 -0.024066 -0.228284 2.068326 0.024372 0.999702 -0.001481 83.848221 0.228251 -0.004123 0.973594 3.632015 0.000000 0.000000 0.000000 1.000000
0.974295 -0.023042 -0.224095 1.672842 0.024543 0.999691 0.003914 83.829208 0.223936 -0.009313 0.974559 3.215366 0.000000 0.000000 0.000000 1.000000
0.975425 -0.022705 -0.219160 1.287083 0.025420 0.999631 0.009577 83.818680 0.218861 -0.014913 0.975642 2.845901 0.000000 0.000000 0.000000 1.000000
0.976580 -0.023023 -0.213918 0.916526 0.026947 0.999517 0.015448 83.814713 0.213459 -0.020851 0.976730 2.520494 0.000000 0.000000 0.000000 1.000000
0.977663 -0.023842 -0.208820 0.564504 0.028881 0.999360 0.021114 83.810997 0.208183 -0.026673 0.977726 2.234473 0.000000 0.000000 0.000000 1.000000
0.978636 -0.024977 -0.204078 0.233419 0.030957 0.999178 0.026163 83.801643 0.203257 -0.031922 0.978605 1.987157 0.000000 0.000000 0.000000 1.000000
0.979500 -0.026275 -0.199725 -0.072985 0.033004 0.998992 0.030439 83.784683 0.198724 -0.036407 0.979379 1.782114 0.000000 0.000000 0.000000 1.000000
0.980255 -0.027643 -0.195798 -0.349286 0.034962 0.998809 0.034026 83.762871 0.194624 -0.040200 0.980054 1.623152 0.000000 0.000000 0.000000 1.000000
0.980887 -0.029039 -0.192397 -0.590465 0.036836 0.998633 0.037071 83.741531 0.191058 -0.043450 0.980617 1.510458 0.000000 0.000000 0.000000 1.000000
0.981396 -0.030451 -0.189564 -0.794010 0.038636 0.998467 0.039634 83.722748 0.188067 -0.046220 0.981068 1.439864 0.000000 0.000000 0.000000 1.000000
0.981812 -0.031872 -0.187162 -0.960604 0.040360 0.998314 0.041718 83.706184 0.185516 -0.048513 0.981443 1.405504 0.000000 0.000000 0.000000 1.000000
0.982191 -0.033268 -0.184915 -1.092748 0.041990 0.998173 0.043450 83.688034 0.183132 -0.050441 0.981794 1.403711 0.000000 0.000000 0.000000 1.000000
0.982585 -0.034554 -0.182572 -1.192672 0.043486 0.998033 0.045147 83.665955 0.180653 -0.052301 0.982155 1.435384 0.000000 0.000000 0.000000 1.000000
0.983013 -0.035599 -0.180052 -1.261099 0.044766 0.997886 0.047106 83.640167 0.177994 -0.054366 0.982529 1.504592 0.000000 0.000000 0.000000 1.000000
0.983449 -0.036275 -0.177518 -1.297478 0.045699 0.997739 0.049290 83.613922 0.175329 -0.056586 0.982882 1.614194 0.000000 0.000000 0.000000 1.000000
0.983830 -0.036521 -0.175343 -1.301141 0.046174 0.997616 0.051286 83.592056 0.173052 -0.058553 0.983171 1.762401 0.000000 0.000000 0.000000 1.000000
0.984084 -0.036401 -0.173933 -1.272786 0.046200 0.997545 0.052624 83.578262 0.171591 -0.059822 0.983350 1.943658 0.000000 0.000000 0.000000 1.000000
0.984176 -0.036100 -0.173478 -1.214805 0.045954 0.997530 0.053126 83.572205 0.171132 -0.060257 0.983404 2.152915 0.000000 0.000000 0.000000 1.000000
0.984132 -0.035871 -0.173773 -1.130282 0.045711 0.997550 0.052957 83.570076 0.171447 -0.060060 0.983361 2.388807 0.000000 0.000000 0.000000 1.000000
0.984031 -0.035915 -0.174335 -1.020966 0.045696 0.997579 0.052417 83.567009 0.172030 -0.059547 0.983290 2.652346 0.000000 0.000000 0.000000 1.000000
0.983948 -0.036272 -0.174731 -0.885889 0.045967 0.997601 0.051758 83.559914 0.172435 -0.058959 0.983255 2.942909 0.000000 0.000000 0.000000 1.000000
0.983908 -0.036809 -0.174844 -0.721975 0.046406 0.997614 0.051118 83.548248 0.172545 -0.058409 0.983268 3.255938 0.000000 0.000000 0.000000 1.000000
0.983886 -0.037308 -0.174860 -0.526625 0.046807 0.997626 0.050517 83.533333 0.172560 -0.057888 0.983297 3.584698 0.000000 0.000000 0.000000 1.000000
0.983847 -0.037620 -0.175012 -0.300503 0.047018 0.997649 0.049863 83.517197 0.172725 -0.057286 0.983303 3.924073 0.000000 0.000000 0.000000 1.000000
0.983784 -0.037756 -0.175337 -0.047962 0.047024 0.997691 0.049006 83.501640 0.173082 -0.056456 0.983288 4.272594 0.000000 0.000000 0.000000 1.000000
0.983732 -0.037840 -0.175613 0.224957 0.046922 0.997752 0.047852 83.487610 0.173408 -0.055313 0.983296 4.631082 0.000000 0.000000 0.000000 1.000000
0.983746 -0.037937 -0.175513 0.514414 0.046766 0.997826 0.046442 83.473984 0.173369 -0.053895 0.983381 4.999226 0.000000 0.000000 0.000000 1.000000
0.983868 -0.037944 -0.174826 0.820871 0.046464 0.997910 0.044899 83.456833 0.172757 -0.052298 0.983575 5.373456 0.000000 0.000000 0.000000 1.000000
0.984095 -0.037668 -0.173603 1.147190 0.045832 0.998012 0.043258 83.431435 0.171629 -0.050527 0.983865 5.747777 0.000000 0.000000 0.000000 1.000000
0.984378 -0.037047 -0.172126 1.493804 0.044791 0.998141 0.041324 83.395508 0.170275 -0.048388 0.984208 6.117047 0.000000 0.000000 0.000000 1.000000
0.984647 -0.036296 -0.170741 1.855197 0.043517 0.998301 0.038742 83.351334 0.169045 -0.045578 0.984554 6.479709 0.000000 0.000000 0.000000 1.000000
0.984843 -0.035786 -0.169717 2.221551 0.042358 0.998480 0.035258 83.304672 0.168198 -0.041912 0.984862 6.837616 0.000000 0.000000 0.000000 1.000000
0.984933 -0.035765 -0.169199 2.584239 0.041576 0.998657 0.030929 83.262093 0.167865 -0.037497 0.985097 7.192910 0.000000 0.000000 0.000000 1.000000
0.984911 -0.036139 -0.169244 2.940529 0.041137 0.998812 0.026114 83.227249 0.168099 -0.032682 0.985228 7.544016 0.000000 0.000000 0.000000 1.000000
0.984793 -0.036531 -0.169846 3.293462 0.040720 0.998945 0.021244 83.197708 0.168891 -0.027837 0.985242 7.884172 0.000000 0.000000 0.000000 1.000000
0.984609 -0.036538 -0.170907 3.647333 0.039956 0.999064 0.016599 83.166176 0.170140 -0.023173 0.985147 8.204342 0.000000 0.000000 0.000000 1.000000
0.984403 -0.035973 -0.172211 4.003635 0.038653 0.999178 0.012234 83.124199 0.171630 -0.018699 0.984984 8.498259 0.000000 0.000000 0.000000 1.000000
0.984230 -0.034904 -0.173414 4.360383 0.036861 0.999288 0.008076 83.066971 0.173008 -0.014340 0.984816 8.765692 0.000000 0.000000 0.000000 1.000000
0.984167 -0.033528 -0.174045 4.714169 0.034762 0.999387 0.004045 82.996384 0.173803 -0.010031 0.984729 9.010990 0.000000 0.000000 0.000000 1.000000
0.984291 -0.032013 -0.173628 5.061914 0.032521 0.999471 0.000080 82.919060 0.173534 -0.005726 0.984811 9.238149 0.000000 0.000000 0.000000 1.000000
0.984626 -0.030458 -0.171999 5.400438 0.030245 0.999535 -0.003862 82.844788 0.172036 -0.001399 0.985090 9.446630 0.000000 0.000000 0.000000 1.000000
0.985085 -0.028916 -0.169623 5.726011 0.028007 0.999578 -0.007746 82.784409 0.169775 0.002879 0.985479 9.631760 0.000000 0.000000 0.000000 1.000000
0.985487 -0.027416 -0.167522 6.034290 0.025868 0.999600 -0.011414 82.748016 0.167768 0.006915 0.985802 9.788429 0.000000 0.000000 0.000000 1.000000
0.985678 -0.025933 -0.166634 6.321630 0.023803 0.999608 -0.014768 82.738197 0.166951 0.010590 0.985908 9.913508 0.000000 0.000000 0.000000 1.000000
0.985624 -0.024355 -0.167187 6.585312 0.021644 0.999603 -0.018018 82.745132 0.167559 0.014141 0.985761 10.004862 0.000000 0.000000 0.000000 1.000000
0.985403 -0.022560 -0.168738 6.821903 0.019182 0.999582 -0.021626 82.752937 0.169156 0.018074 0.985424 10.059012 0.000000 0.000000 0.000000 1.000000
0.985068 -0.020617 -0.170928 7.024713 0.016447 0.999532 -0.025774 82.752861 0.171379 0.022577 0.984946 10.069737 0.000000 0.000000 0.000000 1.000000
0.984538 -0.018840 -0.174154 7.183533 0.013857 0.999460 -0.029787 82.754379 0.174621 0.026913 0.984268 10.030132 0.000000 0.000000 0.000000 1.000000
0.983609 -0.017542 -0.179460 7.288099 0.011958 0.999412 -0.032150 82.780220 0.179918 0.029477 0.983240 9.936014 0.000000 0.000000 0.000000 1.000000
0.982090 -0.016664 -0.187675 7.332718 0.010968 0.999448 -0.031348 82.848763 0.188094 0.028728 0.981731 9.787249 0.000000 0.000000 0.000000 1.000000
0.979965 -0.015763 -0.198545 7.316693 0.010600 0.999578 -0.027040 82.957619 0.198887 0.024394 0.979719 9.585062 0.000000 0.000000 0.000000 1.000000
0.977472 -0.014424 -0.210574 7.240967 0.010320 0.999735 -0.020577 83.084412 0.210815 0.017940 0.977361 9.328991 0.000000 0.000000 0.000000 1.000000
0.975033 -0.012688 -0.221699 7.106083 0.009758 0.999850 -0.014305 83.202576 0.221848 0.011785 0.975010 9.017326 0.000000 0.000000 0.000000 1.000000
0.973059 -0.011077 -0.230289 6.914160 0.008989 0.999908 -0.010114 83.299004 0.230380 0.007772 0.973070 8.649641 0.000000 0.000000 0.000000 1.000000
0.971750 -0.010212 -0.235792 6.671886 0.008477 0.999929 -0.008371 83.374260 0.235861 0.006136 0.971768 8.227731 0.000000 0.000000 0.000000 1.000000
0.971036 -0.010365 -0.238708 6.389591 0.008701 0.999930 -0.008022 83.434486 0.238775 0.005713 0.971058 7.755666 0.000000 0.000000 0.000000 1.000000
0.970682 -0.011330 -0.240102 6.076271 0.009798 0.999923 -0.007573 83.484253 0.240169 0.004998 0.970718 7.240937 0.000000 0.000000 0.000000 1.000000
0.970443 -0.012630 -0.240998 5.735872 0.011519 0.999916 -0.006019 83.525589 0.241054 0.003065 0.970507 6.696047 0.000000 0.000000 0.000000 1.000000
0.970199 -0.013830 -0.241913 5.369233 0.013473 0.999904 -0.003130 83.560577 0.241933 -0.000223 0.970293 6.137789 0.000000 0.000000 0.000000 1.000000
0.969995 -0.014724 -0.242679 4.978944 0.015379 0.999881 0.000803 83.593384 0.242638 -0.004511 0.970106 5.583193 0.000000 0.000000 0.000000 1.000000
0.969975 -0.015318 -0.242720 4.571404 0.017125 0.999839 0.005335 83.629326 0.242599 -0.009332 0.970082 5.045215 0.000000 0.000000 0.000000 1.000000
0.970247 -0.015642 -0.241613 4.155343 0.018632 0.999775 0.010095 83.669334 0.241400 -0.014296 0.970320 4.532256 0.000000 0.000000 0.000000 1.000000
0.970766 -0.015639 -0.239518 3.738528 0.019767 0.999694 0.014840 83.712105 0.239213 -0.019141 0.970778 4.049988 0.000000 0.000000 0.000000 1.000000
0.971362 -0.015229 -0.237115 3.326108 0.020405 0.999604 0.019388 83.747452 0.236725 -0.023672 0.971288 3.601753 0.000000 0.000000 0.000000 1.000000
0.971871 -0.014544 -0.235065 2.920655 0.020625 0.999513 0.023432 83.768715 0.234610 -0.027621 0.971697 3.190113 0.000000 0.000000 0.000000 1.000000
0.972255 -0.013877 -0.233510 2.525782 0.020767 0.999418 0.027073 83.775139 0.232998 -0.031171 0.971977 2.813070 0.000000 0.000000 0.000000 1.000000
0.972618 -0.013559 -0.232012 2.147215 0.021188 0.999313 0.030422 83.778580 0.231440 -0.034505 0.972237 2.469274 0.000000 0.000000 0.000000 1.000000
0.973099 -0.013810 -0.229973 1.791350 0.022118 0.999191 0.033585 83.779266 0.229323 -0.037768 0.972617 2.159422 0.000000 0.000000 0.000000 1.000000
0.973773 -0.014683 -0.227046 1.461207 0.023592 0.999052 0.036575 83.775955 0.226294 -0.040973 0.973197 1.886849 0.000000 0.000000 0.000000 1.000000
0.974655 -0.016153 -0.223129 1.153757 0.025570 0.998897 0.039379 83.767326 0.222247 -0.044086 0.973993 1.653069 0.000000 0.000000 0.000000 1.000000
0.975773 -0.018166 -0.218029 0.862569 0.027981 0.998725 0.042016 83.754105 0.216987 -0.047099 0.975038 1.453577 0.000000 0.000000 0.000000 1.000000
0.977197 -0.020100 -0.211380 0.588035 0.030200 0.998546 0.044660 83.739220 0.210175 -0.050025 0.976383 1.279727 0.000000 0.000000 0.000000 1.000000
0.978918 -0.021946 -0.203071 0.369776 0.032202 0.998360 0.047337 83.723389 0.201699 -0.052878 0.978019 1.125408 0.000000 0.000000 0.000000 1.000000
0.980786 -0.023715 -0.193638 0.203965 0.034012 0.998169 0.050026 83.707024 0.192097 -0.055651 0.979797 0.994689 0.000000 0.000000 0.000000 1.000000
0.982589 -0.025445 -0.184044 0.056591 0.035713 0.997972 0.052693 83.689560 0.182330 -0.058348 0.981505 0.894063 0.000000 0.000000 0.000000 1.000000
0.984186 -0.027128 -0.175051 -0.075413 0.037342 0.997770 0.055321 83.671280 0.173160 -0.060982 0.983004 0.824207 0.000000 0.000000 0.000000 1.000000
0.985510 -0.028739 -0.167165 -0.195015 0.038911 0.997564 0.057891 83.653275 0.165094 -0.063557 0.984228 0.784111 0.000000 0.000000 0.000000 1.000000</float_array><technique_common><accessor source="#Hips-Matrix-animation-output-transform-array" count="129" stride="16"><param type="float4x4"/></accessor></technique_common></source><source id="Hips-Interpolations"><Name_array id="Hips-Interpolations-array" count="129">
 LINEAR LINEAR LINEAR LINEAR LINEAR LINEAR LINEAR LINEAR LINEAR LINEAR LINEAR
LINEAR LINEAR LINEAR LINEAR LINEAR LINEAR LINEAR LINEAR LINEAR LINEAR LINEAR LINEAR
LINEAR LINEAR LINEAR LINEAR LINEAR LINEAR LINEAR LINEAR LINEAR LINEAR LINEAR LINEAR
LINEAR LINEAR LINEAR LINEAR LINEAR LINEAR LINEAR LINEAR LINEAR LINEAR LINEAR LINEAR
LINEAR LINEAR LINEAR LINEAR LINEAR LINEAR LINEAR LINEAR LINEAR LINEAR LINEAR LINEAR
LINEAR LINEAR LINEAR LINEAR LINEAR LINEAR LINEAR LINEAR LINEAR LINEAR LINEAR LINEAR
LINEAR LINEAR LINEAR LINEAR LINEAR LINEAR LINEAR LINEAR LINEAR LINEAR LINEAR LINEAR
LINEAR LINEAR LINEAR LINEAR LINEAR LINEAR LINEAR LINEAR LINEAR LINEAR LINEAR LINEAR
LINEAR LINEAR LINEAR LINEAR LINEAR LINEAR LINEAR LINEAR LINEAR LINEAR LINEAR LINEAR
LINEAR LINEAR LINEAR LINEAR LINEAR LINEAR LINEAR LINEAR LINEAR LINEAR LINEAR LINEAR
LINEAR LINEAR LINEAR LINEAR LINEAR LINEAR LINEAR LINEAR LINEAR LINEAR</Name_array><technique_common><accessor source="#Hips-Interpolations-array" count="129"><param type="name"/></accessor></technique_common></source><sampler id="Hips-Matrix-animation-transform"><input semantic="INPUT" source="#Hips-Matrix-animation-input"/><input semantic="OUTPUT" source="#Hips-Matrix-animation-output-transform"/><input semantic="INTERPOLATION" source="#Hips-Interpolations"/></sampler><channel source="#Hips-Matrix-animation-transform" target="Hips/matrix"/></animation>
    <animation id="Spine-anim" name="Spine"><source id="Spine-Matrix-animation-input"><float_array id="Spine-Matrix-animation-input-array" count="129">

0.000000 0.033333 0.066667 0.100000 0.133333 0.166667 0.200000 0.233333 0.266667 0.300000 0.333333 0.366667 0.400000 0.433333 0.466667 0.500000
0.533333 0.566667 0.600000 0.633333 0.666667 0.700000 0.733333 0.766667 0.800000 0.833333 0.866667 0.900000 0.933333 0.966667 1.000000 1.033333
1.066667 1.100000 1.133333 1.166667 1.200000 1.233333 1.266667 1.300000 1.333333 1.366667 1.400000 1.433333 1.466667 1.500000 1.533333 1.566667
1.600000 1.633333 1.666667 1.700000 1.733333 1.766667 1.800000 1.833333 1.866667 1.900000 1.933333 1.966667 2.000000 2.033333 2.066667 2.100000
2.133333 2.166667 2.200000 2.233333 2.266667 2.300000 2.333333 2.366667 2.400000 2.433333 2.466667 2.500000 2.533333 2.566667 2.600000 2.633333
2.666667 2.700000 2.733333 2.766667 2.800000 2.833333 2.866667 2.900000 2.933333 2.966667 3.000000 3.033333 3.066667 3.100000 3.133333 3.166667
3.200000 3.233333 3.266667 3.300000 3.333333 3.366667 3.400000 3.433333 3.466667 3.500000 3.533333 3.566667 3.600000 3.633333 3.666667 3.700000
3.733333 3.766667 3.800000 3.833333 3.866667 3.900000 3.933333 3.966667 4.000000 4.033333 4.066667 4.100000 4.133333 4.166667 4.200000 4.233333
4.266667</float_array><technique_common><accessor source="#Spine-Matrix-animation-input-array" count="129"><param name="TIME" type="float"/></accessor></technique_common></source><source id="Spine-Matrix-animation-output-transform"><float_array id="Spine-Matrix-animation-output-transform-array" count="2064">

0.999712 0.017947 -0.015922 0.116900 -0.018157 0.999748 -0.013173 10.681000 0.015682 0.013458 0.999786 0.373400 0.000000 0.000000 0.000000 1.000000
0.999713 0.016524 -0.017360 0.116900 -0.016729 0.999791 -0.011737 10.681000 0.017163 0.012025 0.999780 0.373400 0.000000 0.000000 0.000000 1.000000
0.999710 0.015017 -0.018844 0.116900 -0.015216 0.999830 -0.010447 10.681000 0.018684 0.010731 0.999768 0.373400 0.000000 0.000000 0.000000 1.000000
0.999709 0.013354 -0.020091 0.116900 -0.013538 0.999867 -0.009063 10.681000 0.019967 0.009332 0.999757 0.373400 0.000000 0.000000 0.000000 1.000000
0.999718 0.011882 -0.020577 0.116900 -0.012037 0.999900 -0.007399 10.681000 0.020487 0.007644 0.999761 0.373400 0.000000 0.000000 0.000000 1.000000
0.999739 0.011047 -0.019991 0.116900 -0.011156 0.999923 -0.005383 10.681000 0.019930 0.005605 0.999786 0.373400 0.000000 0.000000 0.000000 1.000000
0.999768 0.010988 -0.018530 0.116900 -0.011047 0.999934 -0.003116 10.681000 0.018494 0.003320 0.999823 0.373400 0.000000 0.000000 0.000000 1.000000
0.999794 0.011485 -0.016743 0.116900 -0.011501 0.999934 -0.000837 10.681000 0.016732 0.001029 0.999859 0.373400 0.000000 0.000000 0.000000 1.000000
0.999812 0.012057 -0.015164 0.116900 -0.012041 0.999927 0.001179 10.681000 0.015177 -0.000996 0.999884 0.373400 0.000000 0.000000 0.000000 1.000000
0.999825 0.012321 -0.014048 0.116900 -0.012284 0.999921 0.002745 10.681000 0.014080 -0.002572 0.999898 0.373400 0.000000 0.000000 0.000000 1.000000
0.999836 0.012190 -0.013378 0.116900 -0.012139 0.999919 0.003847 10.681000 0.013424 -0.003684 0.999903 0.373400 0.000000 0.000000 0.000000 1.000000
0.999845 0.011833 -0.013000 0.116900 -0.011774 0.999920 0.004619 10.681000 0.013053 -0.004465 0.999905 0.373400 0.000000 0.000000 0.000000 1.000000
0.999853 0.011519 -0.012685 0.116900 -0.011453 0.999921 0.005254 10.681000 0.012744 -0.005108 0.999906 0.373400 0.000000 0.000000 0.000000 1.000000
0.999860 0.011496 -0.012177 0.116900 -0.011425 0.999917 0.005905 10.681000 0.012244 -0.005765 0.999908 0.373400 0.000000 0.000000 0.000000 1.000000
0.999865 0.011953 -0.011276 0.116900 -0.011879 0.999907 0.006630 10.681000 0.011354 -0.006495 0.999914 0.373400 0.000000 0.000000 0.000000 1.000000
0.999866 0.012978 -0.009948 0.116900 -0.012905 0.999889 0.007390 10.681000 0.010043 -0.007261 0.999923 0.373400 0.000000 0.000000 0.000000 1.000000
0.999860 0.014478 -0.008357 0.116900 -0.014410 0.999864 0.008081 10.681000 0.008473 -0.007960 0.999932 0.373400 0.000000 0.000000 0.000000 1.000000
0.999846 0.016170 -0.006746 0.116900 -0.016112 0.999834 0.008550 10.681000 0.006883 -0.008440 0.999941 0.373400 0.000000 0.000000 0.000000 1.000000
0.999828 0.017753 -0.005283 0.116900 -0.017707 0.999806 0.008617 10.681000 0.005434 -0.008522 0.999949 0.373400 0.000000 0.000000 0.000000 1.000000
0.999809 0.019122 -0.003985 0.116900 -0.019089 0.999785 0.008149 10.681000 0.004140 -0.008071 0.999959 0.373400 0.000000 0.000000 0.000000 1.000000
0.999788 0.020402 -0.002761 0.116900 -0.020382 0.999767 0.007147 10.681000 0.002907 -0.007090 0.999971 0.373400 0.000000 0.000000 0.000000 1.000000
0.999762 0.021754 -0.001505 0.116900 -0.021745 0.999747 0.005785 10.681000 0.001631 -0.005751 0.999982 0.373400 0.000000 0.000000 0.000000 1.000000
0.999731 0.023181 -0.000201 0.116900 -0.023179 0.999722 0.004309 10.681000 0.000300 -0.004303 0.999991 0.373400 0.000000 0.000000 0.000000 1.000000
0.999697 0.024591 0.001005 0.116900 -0.024594 0.999693 0.002879 10.681000 -0.000934 -0.002903 0.999995 0.373400 0.000000 0.000000 0.000000 1.000000
0.999664 0.025852 0.001776 0.116900 -0.025855 0.999665 0.001497 10.681000 -0.001736 -0.001543 0.999997 0.373400 0.000000 0.000000 0.000000 1.000000
0.999636 0.026936 0.001708 0.116900 -0.026936 0.999637 0.000058 10.681000 -0.001706 -0.000104 0.999999 0.373400 0.000000 0.000000 0.000000 1.000000
0.999607 0.028017 0.000617 0.116900 -0.028016 0.999606 -0.001554 10.681000 -0.000661 0.001536 0.999999 0.373400 0.000000 0.000000 0.000000 1.000000
0.999565 0.029456 -0.001182 0.116900 -0.029460 0.999560 -0.003401 10.681000 0.001081 0.003434 0.999994 0.373400 0.000000 0.000000 0.000000 1.000000
0.999495 0.031645 -0.002878 0.116900 -0.031660 0.999484 -0.005494 10.681000 0.002703 0.005582 0.999981 0.373400 0.000000 0.000000 0.000000 1.000000
0.999388 0.034785 -0.003589 0.116900 -0.034812 0.999363 -0.007800 10.681000 0.003316 0.007920 0.999963 0.373400 0.000000 0.000000 0.000000 1.000000
0.999246 0.038724 -0.002934 0.116900 -0.038752 0.999196 -0.010241 10.681000 0.002535 0.010347 0.999943 0.373400 0.000000 0.000000 0.000000 1.000000
0.999076 0.042960 -0.001286 0.116900 -0.042972 0.998996 -0.012683 10.681000 0.000740 0.012726 0.999919 0.373400 0.000000 0.000000 0.000000 1.000000
0.998900 0.046885 0.000538 0.116900 -0.046872 0.998789 -0.014938 10.681000 -0.001238 0.014896 0.999888 0.373400 0.000000 0.000000 0.000000 1.000000
0.998749 0.049969 0.001820 0.116900 -0.049931 0.998611 -0.016815 10.681000 -0.002658 0.016703 0.999857 0.373400 0.000000 0.000000 0.000000 1.000000
0.998646 0.051975 0.002359 0.116900 -0.051923 0.998485 -0.018216 10.681000 -0.003302 0.018068 0.999831 0.373400 0.000000 0.000000 0.000000 1.000000
0.998590 0.053028 0.002496 0.116900 -0.052971 0.998410 -0.019253 10.681000 -0.003513 0.019094 0.999812 0.373400 0.000000 0.000000 0.000000 1.000000
0.998560 0.053567 0.002831 0.116900 -0.053499 0.998363 -0.020243 10.681000 -0.003910 0.020062 0.999791 0.373400 0.000000 0.000000 0.000000 1.000000
0.998520 0.054254 0.003855 0.116900 -0.054159 0.998301 -0.021493 10.681000 -0.005014 0.021253 0.999762 0.373400 0.000000 0.000000 0.000000 1.000000
0.998426 0.055793 0.005688 0.116900 -0.055649 0.998185 -0.023016 10.681000 -0.006962 0.022663 0.999719 0.373400 0.000000 0.000000 0.000000 1.000000
0.998246 0.058654 0.008071 0.116900 -0.058442 0.997991 -0.024459 10.681000 -0.009489 0.023944 0.999668 0.373400 0.000000 0.000000 0.000000 1.000000
0.997969 0.062820 0.010584 0.116900 -0.062535 0.997720 -0.025399 10.681000 -0.012155 0.024685 0.999621 0.373400 0.000000 0.000000 0.000000 1.000000
0.997621 0.067729 0.012882 0.116900 -0.067381 0.997396 -0.025723 10.681000 -0.014591 0.024794 0.999586 0.373400 0.000000 0.000000 0.000000 1.000000
0.997263 0.072459 0.014731 0.116900 -0.072065 0.997068 -0.025735 10.681000 -0.016552 0.024603 0.999560 0.373400 0.000000 0.000000 0.000000 1.000000
0.996975 0.076076 0.015899 0.116900 -0.075650 0.996798 -0.025893 10.681000 -0.017818 0.024612 0.999538 0.373400 0.000000 0.000000 0.000000 1.000000
0.996823 0.078002 0.016118 0.116900 -0.077559 0.996636 -0.026472 10.681000 -0.018129 0.025138 0.999520 0.373400 0.000000 0.000000 0.000000 1.000000
0.996823 0.078182 0.015189 0.116900 -0.077746 0.996595 -0.027448 10.681000 -0.017284 0.026180 0.999508 0.373400 0.000000 0.000000 0.000000 1.000000
0.996949 0.076942 0.013146 0.116900 -0.076541 0.996655 -0.028639 10.681000 -0.015306 0.027545 0.999503 0.373400 0.000000 0.000000 0.000000 1.000000
0.997141 0.074844 0.010354 0.116900 -0.074506 0.996772 -0.029905 10.681000 -0.012558 0.029049 0.999499 0.373400 0.000000 0.000000 0.000000 1.000000
0.997344 0.072455 0.007401 0.116900 -0.072192 0.996903 -0.031184 10.681000 -0.009638 0.030567 0.999486 0.373400 0.000000 0.000000 0.000000 1.000000
0.997525 0.070140 0.004832 0.116900 -0.069948 0.997025 -0.032366 10.681000 -0.007088 0.031948 0.999464 0.373400 0.000000 0.000000 0.000000 1.000000
0.997683 0.067972 0.002864 0.116900 -0.067840 0.997143 -0.033235 10.681000 -0.005115 0.032964 0.999443 0.373400 0.000000 0.000000 0.000000 1.000000
0.997834 0.065773 0.001327 0.116900 -0.065692 0.997273 -0.033619 10.681000 -0.003534 0.033459 0.999434 0.373400 0.000000 0.000000 0.000000 1.000000
0.997989 0.063390 -0.000143 0.116900 -0.063359 0.997425 -0.033598 10.681000 -0.001987 0.033540 0.999435 0.373400 0.000000 0.000000 0.000000 1.000000
0.998152 0.060732 -0.001805 0.116900 -0.060759 0.997591 -0.033471 10.681000 -0.000232 0.033519 0.999438 0.373400 0.000000 0.000000 0.000000 1.000000
0.998320 0.057831 -0.003671 0.116900 -0.057922 0.997760 -0.033474 10.681000 0.001727 0.033630 0.999433 0.373400 0.000000 0.000000 0.000000 1.000000
0.998481 0.054805 -0.005592 0.116900 -0.054963 0.997924 -0.033558 10.681000 0.003741 0.033814 0.999421 0.373400 0.000000 0.000000 0.000000 1.000000
0.998630 0.051805 -0.007436 0.116900 -0.052026 0.998085 -0.033449 10.681000 0.005689 0.033790 0.999413 0.373400 0.000000 0.000000 0.000000 1.000000
0.998758 0.048963 -0.009188 0.116900 -0.049241 0.998245 -0.032901 10.681000 0.007561 0.033312 0.999416 0.373400 0.000000 0.000000 0.000000 1.000000
0.998866 0.046347 -0.010894 0.116900 -0.046673 0.998402 -0.031854 10.681000 0.009400 0.032327 0.999433 0.373400 0.000000 0.000000 0.000000 1.000000
0.998956 0.043922 -0.012571 0.116900 -0.044287 0.998556 -0.030406 10.681000 0.011218 0.030931 0.999459 0.373400 0.000000 0.000000 0.000000 1.000000
0.999036 0.041541 -0.014183 0.116900 -0.041934 0.998709 -0.028679 10.681000 0.012973 0.029246 0.999488 0.373400 0.000000 0.000000 0.000000 1.000000
0.999115 0.039029 -0.015668 0.116900 -0.039438 0.998864 -0.026745 10.681000 0.014606 0.027339 0.999519 0.373400 0.000000 0.000000 0.000000 1.000000
0.999196 0.036307 -0.016975 0.116900 -0.036720 0.999022 -0.024651 10.681000 0.016063 0.025255 0.999552 0.373400 0.000000 0.000000 0.000000 1.000000
0.999276 0.033479 -0.018081 0.116900 -0.033883 0.999172 -0.022505 10.681000 0.017312 0.023101 0.999583 0.373400 0.000000 0.000000 0.000000 1.000000
0.999346 0.030774 -0.018993 0.116900 -0.031162 0.999304 -0.020496 10.681000 0.018349 0.021074 0.999610 0.373400 0.000000 0.000000 0.000000 1.000000
0.999402 0.028419 -0.019720 0.116900 -0.028790 0.999409 -0.018794 10.681000 0.019174 0.019350 0.999629 0.373400 0.000000 0.000000 0.000000 1.000000
0.999444 0.026516 -0.020227 0.116900 -0.026870 0.999487 -0.017424 10.681000 0.019754 0.017958 0.999644 0.373400 0.000000 0.000000 0.000000 1.000000
0.999478 0.025016 -0.020439 0.116900 -0.025351 0.999546 -0.016259 10.681000 0.020023 0.016769 0.999659 0.373400 0.000000 0.000000 0.000000 1.000000
0.999511 0.023776 -0.020313 0.116900 -0.024085 0.999595 -0.015147 10.681000 0.019944 0.015629 0.999679 0.373400 0.000000 0.000000 0.000000 1.000000
0.999544 0.022683 -0.019908 0.116900 -0.022964 0.999638 -0.014016 10.681000 0.019583 0.014467 0.999704 0.373400 0.000000 0.000000 0.000000 1.000000
0.999575 0.021754 -0.019383 0.116900 -0.022006 0.999675 -0.012871 10.681000 0.019097 0.013292 0.999729 0.373400 0.000000 0.000000 0.000000 1.000000
0.999599 0.021100 -0.018893 0.116900 -0.021325 0.999704 -0.011748 10.681000 0.018640 0.012146 0.999752 0.373400 0.000000 0.000000 0.000000 1.000000
0.999613 0.020769 -0.018501 0.116900 -0.020969 0.999723 -0.010719 10.681000 0.018274 0.011102 0.999771 0.373400 0.000000 0.000000 0.000000 1.000000
0.999622 0.020649 -0.018165 0.116900 -0.020831 0.999734 -0.009894 10.681000 0.017956 0.010268 0.999786 0.373400 0.000000 0.000000 0.000000 1.000000
0.999630 0.020572 -0.017796 0.116900 -0.020741 0.999741 -0.009369 10.681000 0.017599 0.009735 0.999798 0.373400 0.000000 0.000000 0.000000 1.000000
0.999639 0.020513 -0.017325 0.116900 -0.020673 0.999744 -0.009144 10.681000 0.017133 0.009499 0.999808 0.373400 0.000000 0.000000 0.000000 1.000000
0.999647 0.020624 -0.016740 0.116900 -0.020778 0.999742 -0.009121 10.681000 0.016547 0.009466 0.999818 0.373400 0.000000 0.000000 0.000000 1.000000
0.999649 0.021053 -0.016084 0.116900 -0.021202 0.999733 -0.009201 10.681000 0.015886 0.009539 0.999828 0.373400 0.000000 0.000000 0.000000 1.000000
0.999644 0.021766 -0.015406 0.116900 -0.021913 0.999716 -0.009390 10.681000 0.015198 0.009724 0.999837 0.373400 0.000000 0.000000 0.000000 1.000000
0.999637 0.022577 -0.014710 0.116900 -0.022722 0.999694 -0.009800 10.681000 0.014484 0.010131 0.999844 0.373400 0.000000 0.000000 0.000000 1.000000
0.999631 0.023318 -0.013926 0.116900 -0.023466 0.999669 -0.010535 10.681000 0.013675 0.010858 0.999848 0.373400 0.000000 0.000000 0.000000 1.000000
0.999629 0.023977 -0.012946 0.116900 -0.024127 0.999642 -0.011556 10.681000 0.012664 0.011864 0.999849 0.373400 0.000000 0.000000 0.000000 1.000000
0.999626 0.024707 -0.011683 0.116900 -0.024855 0.999611 -0.012666 10.681000 0.011366 0.012952 0.999852 0.373400 0.000000 0.000000 0.000000 1.000000
0.999618 0.025715 -0.010110 0.116900 -0.025852 0.999573 -0.013655 10.681000 0.009755 0.013912 0.999856 0.373400 0.000000 0.000000 0.000000 1.000000
0.999598 0.027122 -0.008266 0.116900 -0.027239 0.999524 -0.014459 10.681000 0.007870 0.014678 0.999861 0.373400 0.000000 0.000000 0.000000 1.000000
0.999564 0.028844 -0.006245 0.116900 -0.028936 0.999466 -0.015206 10.681000 0.005803 0.015380 0.999865 0.373400 0.000000 0.000000 0.000000 1.000000
0.999522 0.030619 -0.004182 0.116900 -0.030683 0.999399 -0.016132 10.681000 0.003685 0.016253 0.999861 0.373400 0.000000 0.000000 0.000000 1.000000
0.999480 0.032159 -0.002222 0.116900 -0.032193 0.999329 -0.017452 10.681000 0.001660 0.017515 0.999845 0.373400 0.000000 0.000000 0.000000 1.000000
0.999445 0.033317 -0.000485 0.116900 -0.033320 0.999258 -0.019304 10.681000 -0.000158 0.019309 0.999814 0.373400 0.000000 0.000000 0.000000 1.000000
0.999417 0.034131 0.000948 0.116900 -0.034102 0.999182 -0.021756 10.681000 -0.001690 0.021711 0.999763 0.373400 0.000000 0.000000 0.000000 1.000000
0.999393 0.034766 0.001995 0.116900 -0.034706 0.999090 -0.024800 10.681000 -0.002855 0.024715 0.999690 0.373400 0.000000 0.000000 0.000000 1.000000
0.999369 0.035427 0.002587 0.116900 -0.035340 0.998975 -0.028271 10.681000 -0.003586 0.028162 0.999597 0.373400 0.000000 0.000000 0.000000 1.000000
0.999336 0.036330 0.002791 0.116900 -0.036223 0.998837 -0.031827 10.681000 -0.003944 0.031705 0.999489 0.373400 0.000000 0.000000 0.000000 1.000000
0.999287 0.037643 0.002921 0.116900 -0.037518 0.998680 -0.035090 10.681000 -0.004238 0.034955 0.999380 0.373400 0.000000 0.000000 0.000000 1.000000
0.999218 0.039381 0.003428 0.116900 -0.039224 0.998513 -0.037855 10.681000 -0.004913 0.037691 0.999277 0.373400 0.000000 0.000000 0.000000 1.000000
0.999135 0.041324 0.004592 0.116900 -0.041107 0.998348 -0.040138 10.681000 -0.006243 0.039915 0.999184 0.373400 0.000000 0.000000 0.000000 1.000000
0.999053 0.043059 0.006265 0.116900 -0.042759 0.998202 -0.041999 10.681000 -0.008063 0.041691 0.999098 0.373400 0.000000 0.000000 0.000000 1.000000
0.998991 0.044199 0.007909 0.116900 -0.043816 0.998096 -0.043402 10.681000 -0.009812 0.043012 0.999026 0.373400 0.000000 0.000000 0.000000 1.000000
0.998959 0.044732 0.008983 0.116900 -0.044292 0.998034 -0.044336 10.681000 -0.010949 0.043892 0.998976 0.373400 0.000000 0.000000 0.000000 1.000000
0.998932 0.045218 0.009453 0.116900 -0.044748 0.997979 -0.045115 10.681000 -0.011474 0.044644 0.998937 0.373400 0.000000 0.000000 0.000000 1.000000
0.998864 0.046596 0.010007 0.116900 -0.046083 0.997856 -0.046480 10.681000 -0.012151 0.045966 0.998869 0.373400 0.000000 0.000000 0.000000 1.000000
0.998701 0.049591 0.011669 0.116900 -0.048960 0.997587 -0.049228 10.681000 -0.014082 0.048592 0.998719 0.373400 0.000000 0.000000 0.000000 1.000000
0.998420 0.054150 0.015001 0.116900 -0.053276 0.997143 -0.053545 10.681000 -0.017857 0.052661 0.998453 0.373400 0.000000 0.000000 0.000000 1.000000
0.998045 0.059381 0.019515 0.116900 -0.058148 0.996586 -0.058618 10.681000 -0.022929 0.057369 0.998090 0.373400 0.000000 0.000000 0.000000 1.000000
