<?xml version="1.0" encoding="utf-8"?>
<COLLADA xmlns="http://www.collada.org/2005/11/COLLADASchema" version="1.4.1">
  <asset><contributor><author>Mixamo</author><authoring_tool>COLLADA Mixamo exporter</authoring_tool><comments></comments></contributor><created>2019-11-11T02:00:02Z</created><modified>2019-11-11T02:00:02Z</modified><revision></revision><title></title><unit meter="0.010000"/><up_axis>Y_UP</up_axis></asset>
  <library_animations>
    <animation id="Hips-anim" name="Hips"><source id="Hips-Matrix-animation-input"><float_array id="Hips-Matrix-animation-input-array" count="39">

0.000000 0.033333 0.066667 0.100000 0.133333 0.166667 0.200000 0.233333 0.266667 0.300000 0.333333 0.366667 0.400000 0.433333 0.466667 0.500000
0.533333 0.566667 0.600000 0.633333 0.666667 0.700000 0.733333 0.766667 0.800000 0.833333 0.866667 0.900000 0.933333 0.966667 1.000000 1.033333
1.066667 1.100000 1.133333 1.166667 1.200000 1.233333 1.266667</float_array><technique_common><accessor source="#Hips-Matrix-animation-input-array" count="39"><param name="TIME" type="float"/></accessor></technique_common></source><source id="Hips-Matrix-animation-output-transform"><float_array id="Hips-Matrix-animation-output-transform-array" count="624">

0.941206 0.000143 -0.337833 -0.045199 -0.028997 0.996344 -0.080366 99.569260 0.336586 0.085437 0.937769 -0.407035 0.000000 0.000000 0.000000 1.000000
0.949612 0.001994 -0.313421 0.155309 -0.031620 0.995487 -0.089471 99.572105 0.311828 0.094873 0.945390 -0.107363 0.000000 0.000000 0.000000 1.000000
0.957936 0.004591 -0.286945 0.281443 -0.034223 0.994564 -0.098337 99.569992 0.284934 0.104021 0.952886 0.174870 0.000000 0.000000 0.000000 1.000000
0.965342 0.007625 -0.260877 0.365619 -0.036741 0.993589 -0.106912 99.532059 0.258390 0.112792 0.959434 0.429328 0.000000 0.000000 0.000000 1.000000
0.971345 0.011576 -0.237392 0.363468 -0.039804 0.992630 -0.114464 99.391510 0.234317 0.120634 0.964647 0.612574 0.000000 0.000000 0.000000 1.000000
0.976010 0.013893 -0.217281 0.320422 -0.040781 0.991965 -0.119759 99.071632 0.213871 0.125746 0.968735 0.632152 0.000000 0.000000 0.000000 1.000000
0.980093 0.014035 -0.198041 0.304613 -0.039429 0.991389 -0.124875 98.564705 0.194583 0.130197 0.972207 0.528429 0.000000 0.000000 0.000000 1.000000
0.982220 0.014885 -0.187141 0.279420 -0.040187 0.990415 -0.132146 97.891151 0.183380 0.137317 0.973404 0.384675 0.000000 0.000000 0.000000 1.000000
0.977874 0.016512 -0.208541 0.283907 -0.046624 0.989009 -0.140314 97.149948 0.203932 0.146932 0.967896 0.335274 0.000000 0.000000 0.000000 1.000000
0.956142 0.012995 -0.292614 0.449563 -0.057229 0.988049 -0.143121 96.512550 0.287257 0.153590 0.945459 0.581662 0.000000 0.000000 0.000000 1.000000
0.892189 -0.003005 -0.451652 0.871750 -0.064914 0.988743 -0.134810 96.169937 0.446972 0.149595 0.881951 1.323524 0.000000 0.000000 0.000000 1.000000
0.755651 -0.029808 -0.654295 1.473009 -0.063327 0.990959 -0.118282 96.193565 0.651905 0.130815 0.746932 2.615012 0.000000 0.000000 0.000000 1.000000
0.551782 -0.054173 -0.832227 2.059951 -0.055412 0.993302 -0.101398 96.437637 0.832145 0.102065 0.545084 4.258783 0.000000 0.000000 0.000000 1.000000
0.342427 -0.062750 -0.937447 2.562345 -0.050740 0.995076 -0.085142 96.579048 0.938173 0.076721 0.337557 5.846619 0.000000 0.000000 0.000000 1.000000
0.194831 -0.054654 -0.979313 3.137556 -0.055396 0.996239 -0.066620 96.367393 0.979271 0.067230 0.191070 6.973184 0.000000 0.000000 0.000000 1.000000
0.127777 -0.040834 -0.990962 3.966221 -0.068167 0.996428 -0.049848 96.034164 0.989458 0.073920 0.124537 7.395339 0.000000 0.000000 0.000000 1.000000
0.118448 -0.033064 -0.992410 5.126567 -0.086668 0.995287 -0.043504 95.744339 0.989171 0.091163 0.115024 7.294582 0.000000 0.000000 0.000000 1.000000
0.136224 -0.036281 -0.990013 6.342285 -0.101401 0.993570 -0.050364 95.632294 0.985475 0.107249 0.131669 6.955020 0.000000 0.000000 0.000000 1.000000
0.160375 -0.047694 -0.985903 7.277660 -0.105325 0.992302 -0.065137 95.737862 0.981421 0.114286 0.154117 6.620755 0.000000 0.000000 0.000000 1.000000
0.180121 -0.062215 -0.981675 7.807862 -0.098969 0.991787 -0.081015 95.929359 0.978653 0.111748 0.172485 6.412299 0.000000 0.000000 0.000000 1.000000
0.194116 -0.076260 -0.978010 7.975135 -0.085658 0.991848 -0.094340 96.230995 0.977232 0.102087 0.186001 6.241370 0.000000 0.000000 0.000000 1.000000
0.211699 -0.086831 -0.973470 7.843271 -0.069773 0.992161 -0.103672 96.714401 0.974841 0.089869 0.203981 5.931400 0.000000 0.000000 0.000000 1.000000
0.247406 -0.091115 -0.964618 7.413604 -0.054892 0.992652 -0.107842 97.377068 0.967356 0.079631 0.240587 5.334504 0.000000 0.000000 0.000000 1.000000
0.308995 -0.088721 -0.946917 6.671958 -0.042648 0.993345 -0.106988 98.163948 0.950107 0.073443 0.303155 4.419469 0.000000 0.000000 0.000000 1.000000
0.390979 -0.082934 -0.916655 5.659704 -0.032333 0.994080 -0.103730 99.013649 0.919831 0.070195 0.385983 3.289407 0.000000 0.000000 0.000000 1.000000
0.479926 -0.077989 -0.873836 4.460592 -0.021930 0.994663 -0.100817 99.896263 0.877035 0.067548 0.475655 2.106582 0.000000 0.000000 0.000000 1.000000
0.563807 -0.074804 -0.822512 3.177538 -0.011611 0.995074 -0.098456 100.775681 0.825825 0.065060 0.560161 1.027281 0.000000 0.000000 0.000000 1.000000
0.636326 -0.070336 -0.768207 1.932972 -0.004637 0.995468 -0.094984 101.535950 0.771406 0.064003 0.633116 0.165048 0.000000 0.000000 0.000000 1.000000
0.695825 -0.060898 -0.715625 0.877869 -0.004367 0.996022 -0.089005 101.963394 0.718198 0.065057 0.692791 -0.421735 0.000000 0.000000 0.000000 1.000000
0.743639 -0.047090 -0.666921 0.091087 -0.009063 0.996715 -0.080481 102.031784 0.668520 0.065893 0.740769 -0.794732 0.000000 0.000000 0.000000 1.000000
0.783600 -0.031795 -0.620452 -0.408430 -0.015545 0.997373 -0.070743 101.734261 0.621071 0.065079 0.781048 -1.022073 0.000000 0.000000 0.000000 1.000000
0.820972 -0.019460 -0.570636 -0.746839 -0.019232 0.997909 -0.061701 101.254509 0.570644 0.061630 0.818882 -1.201345 0.000000 0.000000 0.000000 1.000000
0.858307 -0.011253 -0.513013 -1.072296 -0.019547 0.998317 -0.054603 100.777184 0.512764 0.056894 0.856643 -1.364734 0.000000 0.000000 0.000000 1.000000
0.892178 -0.005344 -0.451653 -1.400531 -0.019335 0.998562 -0.050010 100.407341 0.451270 0.053351 0.890791 -1.459817 0.000000 0.000000 0.000000 1.000000
0.916241 -0.000691 -0.400628 -1.572288 -0.020676 0.998584 -0.049010 100.147285 0.400095 0.053188 0.914929 -1.424250 0.000000 0.000000 0.000000 1.000000
0.927497 0.001394 -0.373829 -1.368593 -0.022854 0.998334 -0.052980 99.927689 0.373132 0.057682 0.925983 -1.250148 0.000000 0.000000 0.000000 1.000000
0.928332 -0.000736 -0.371752 -0.730806 -0.024004 0.997793 -0.061916 99.687637 0.370977 0.066402 0.926265 -0.994243 0.000000 0.000000 0.000000 1.000000
0.933840 -0.000772 -0.357690 -0.340252 -0.026429 0.997115 -0.071151 99.599678 0.356713 0.075897 0.931126 -0.706980 0.000000 0.000000 0.000000 1.000000
0.941206 0.000143 -0.337833 -0.045199 -0.028997 0.996344 -0.080366 99.569260 0.336586 0.085437 0.937769 -0.407035 0.000000 0.000000 0.000000 1.000000</float_array><technique_common><accessor source="#Hips-Matrix-animation-output-transform-array" count="39" stride="16"><param type="float4x4"/></accessor></technique_common></source><source id="Hips-Interpolations"><Name_array id="Hips-Interpolations-array" count="39">
 LINEAR LINEAR LINEAR LINEAR LINEAR LINEAR LINEAR LINEAR LINEAR LINEAR LINEAR
LINEAR LINEAR LINEAR LINEAR LINEAR LINEAR LINEAR LINEAR LINEAR LINEAR LINEAR LINEAR
LINEAR LINEAR LINEAR LINEAR LINEAR LINEAR LINEAR LINEAR LINEAR LINEAR LINEAR LINEAR
LINEAR LINEAR LINEAR LINEAR</Name_array><technique_common><accessor source="#Hips-Interpolations-array" count="39"><param type="name"/></accessor></technique_common></source><sampler id="Hips-Matrix-animation-transform"><input semantic="INPUT" source="#Hips-Matrix-animation-input"/><input semantic="OUTPUT" source="#Hips-Matrix-animation-output-transform"/><input semantic="INTERPOLATION" source="#Hips-Interpolations"/></sampler><channel source="#Hips-Matrix-animation-transform" target="Hips/matrix"/></animation>
    <animation id="Spine-anim" name="Spine"><source id="Spine-Matrix-animation-input"><float_array id="Spine-Matrix-animation-input-array" count="39">

0.000000 0.033333 0.066667 0.100000 0.133333 0.166667 0.200000 0.233333 0.266667 0.300000 0.333333 0.366667 0.400000 0.433333 0.466667 0.500000
0.533333 0.566667 0.600000 0.633333 0.666667 0.700000 0.733333 0.766667 0.800000 0.833333 0.866667 0.900000 0.933333 0.966667 1.000000 1.033333
1.066667 1.100000 1.133333 1.166667 1.200000 1.233333 1.266667</float_array><technique_common><accessor source="#Spine-Matrix-animation-input-array" count="39"><param name="TIME" type="float"/></accessor></technique_common></source><source id="Spine-Matrix-animation-output-transform"><float_array id="Spine-Matrix-animation-output-transform-array" count="624">

0.997596 -0.068277 -0.011854 0.000000 0.068908 0.995495 0.065124 9.623600 0.007354 -0.065785 0.997807 0.382900 0.000000 0.000000 0.000000 1.000000
0.997710 -0.066524 -0.012228 0.000000 0.067186 0.995583 0.065574 9.623600 0.007812 -0.066246 0.997773 0.382900 0.000000 0.000000 0.000000 1.000000
0.997800 -0.065103 -0.012499 0.000000 0.065793 0.995615 0.066505 9.623600 0.008114 -0.067181 0.997708 0.382900 0.000000 0.000000 0.000000 1.000000
0.997869 -0.064030 -0.012551 -0.000000 0.064739 0.995581 0.068024 9.623600 0.008140 -0.068691 0.997605 0.382900 0.000000 0.000000 0.000000 1.000000
0.997884 -0.063893 -0.012017 -0.000000 0.064589 0.995378 0.071064 9.623600 0.007421 -0.071690 0.997399 0.382900 0.000000 0.000000 0.000000 1.000000
0.997872 -0.064285 -0.010902 -0.000000 0.064922 0.995089 0.074718 9.623600 0.006045 -0.075267 0.997145 0.382900 0.000000 0.000000 0.000000 1.000000
0.997891 -0.064213 -0.009491 0.000000 0.064748 0.995033 0.075614 9.623600 0.004588 -0.076069 0.997092 0.382900 0.000000 0.000000 0.000000 1.000000
0.997955 -0.063647 -0.005941 0.000000 0.063912 0.995230 0.073710 9.623600 0.001222 -0.073939 0.997262 0.382900 0.000000 0.000000 0.000000 1.000000
0.997961 -0.063801 0.001871 0.000000 0.063513 0.995521 0.070024 9.623600 -0.006330 -0.069763 0.997544 0.382900 0.000000 0.000000 0.000000 1.000000
0.997731 -0.065750 0.014494 -0.000000 0.064675 0.995776 0.065166 9.623600 -0.018717 -0.064081 0.997769 0.382900 0.000000 0.000000 0.000000 1.000000
0.997262 -0.067728 0.029699 -0.000000 0.065903 0.996101 0.058644 9.623600 -0.033555 -0.056526 0.997837 0.382900 0.000000 0.000000 0.000000 1.000000
0.996881 -0.065802 0.043573 0.000000 0.063608 0.996723 0.049965 9.623600 -0.046718 -0.047038 0.997800 0.382900 0.000000 0.000000 0.000000 1.000000
0.996998 -0.056808 0.052603 0.000000 0.054720 0.997688 0.040315 9.623600 -0.054772 -0.037316 0.997801 0.382900 0.000000 0.000000 0.000000 1.000000
0.997635 -0.041403 0.054865 0.000000 0.039644 0.998676 0.032779 9.623600 -0.056149 -0.030527 0.997956 0.382900 0.000000 0.000000 0.000000 1.000000
0.998501 -0.023064 0.049632 0.000000 0.021597 0.999320 0.029896 9.623600 -0.050288 -0.028779 0.998320 0.382900 0.000000 0.000000 0.000000 1.000000
0.999314 -0.002360 0.036949 0.000000 0.001200 0.999507 0.031383 9.623600 -0.037005 -0.031317 0.998824 0.382900 0.000000 0.000000 0.000000 1.000000
0.999702 0.015975 0.018447 0.000000 -0.016609 0.999259 0.034718 9.623600 -0.017879 -0.035014 0.999227 0.382900 0.000000 0.000000 0.000000 1.000000
0.999567 0.029321 -0.002570 0.000000 -0.029205 0.998880 0.037232 9.623600 0.003659 -0.037140 0.999303 0.382900 0.000000 0.000000 0.000000 1.000000
0.999183 0.034473 -0.021077 0.000000 -0.033658 0.998716 0.037866 9.623600 0.022356 -0.037126 0.999061 0.382900 0.000000 0.000000 0.000000 1.000000
0.999050 0.029559 -0.032036 0.000000 -0.028358 0.998902 0.037298 9.623600 0.033104 -0.036354 0.998791 0.382900 0.000000 0.000000 0.000000 1.000000
0.999265 0.018366 -0.033660 0.000000 -0.017115 0.999165 0.037097 9.623600 0.034313 -0.036494 0.998745 0.382900 0.000000 0.000000 0.000000 1.000000
0.999572 0.006025 -0.028620 -0.000000 -0.004924 0.999251 0.038390 9.623600 0.028830 -0.038232 0.998853 0.382900 0.000000 0.000000 0.000000 1.000000
0.999746 -0.004625 -0.022066 -0.000000 0.005533 0.999133 0.041270 9.623600 0.021856 -0.041381 0.998904 0.382900 0.000000 0.000000 0.000000 1.000000
0.999746 -0.013769 -0.017826 -0.000000 0.014563 0.998872 0.045196 9.623600 0.017184 -0.045444 0.998819 0.382900 0.000000 0.000000 0.000000 1.000000
0.999621 -0.022260 -0.016208 0.000000 0.023040 0.998504 0.049587 9.623600 0.015079 -0.049941 0.998638 0.382900 0.000000 0.000000 0.000000 1.000000
0.999443 -0.029700 -0.015222 0.000000 0.030483 0.998074 0.054020 9.623600 0.013588 -0.054454 0.998424 0.382900 0.000000 0.000000 0.000000 1.000000
0.999285 -0.035473 -0.013121 -0.000000 0.036179 0.997646 0.058248 9.623600 0.011024 -0.058681 0.998216 0.382900 0.000000 0.000000 0.000000 1.000000
0.999153 -0.039985 -0.009712 0.000000 0.040512 0.997248 0.062097 9.623600 0.007202 -0.062438 0.998023 0.382900 0.000000 0.000000 0.000000 1.000000
0.998967 -0.045060 -0.005883 0.000000 0.045348 0.996839 0.065240 9.623600 0.002925 -0.065439 0.997852 0.382900 0.000000 0.000000 0.000000 1.000000
0.998700 -0.050899 -0.002844 -0.000000 0.050975 0.996436 0.067201 9.623600 -0.000586 -0.067258 0.997735 0.382900 0.000000 0.000000 0.000000 1.000000
0.998306 -0.058158 -0.001484 0.000000 0.058125 0.996012 0.067685 9.623600 -0.002458 -0.067656 0.997706 0.382900 0.000000 0.000000 0.000000 1.000000
0.997911 -0.064552 -0.002384 0.000000 0.064567 0.995663 0.066984 9.623600 -0.001950 -0.066998 0.997751 0.382900 0.000000 0.000000 0.000000 1.000000
0.997606 -0.068959 -0.005220 0.000000 0.069153 0.995425 0.065924 9.623600 0.000650 -0.066127 0.997811 0.382900 0.000000 0.000000 0.000000 1.000000
0.997382 -0.071793 -0.008642 0.000000 0.072205 0.995253 0.065251 9.623600 0.003916 -0.065705 0.997831 0.382900 0.000000 0.000000 0.000000 1.000000
0.997235 -0.073488 -0.011061 0.000000 0.074054 0.995128 0.065088 9.623600 0.006224 -0.065727 0.997818 0.382900 0.000000 0.000000 0.000000 1.000000
0.997207 -0.073750 -0.011831 0.000000 0.074366 0.995110 0.065012 9.623600 0.006979 -0.065711 0.997814 0.382900 0.000000 0.000000 0.000000 1.000000
0.997330 -0.072107 -0.011533 0.000000 0.072704 0.995256 0.064643 9.623600 0.006817 -0.065308 0.997842 0.382900 0.000000 0.000000 0.000000 1.000000
0.997466 -0.070201 -0.011584 -0.000000 0.070807 0.995378 0.064878 9.623600 0.006976 -0.065534 0.997826 0.382900 0.000000 0.000000 0.000000 1.000000
0.997596 -0.068277 -0.011854 0.000000 0.068908 0.995495 0.065124 9.623600 0.007354 -0.065785 0.997807 0.382900 0.000000 0.000000 0.000000 1.000000</float_array><technique_common><accessor source="#Spine-Matrix-animation-output-transform-array" count="39" stride="16"><param type="float4x4"/></accessor></technique_common></source><source id="Spine-Interpolations"><Name_array id="Spine-Interpolations-array" count="39">
 LINEAR LINEAR LINEAR LINEAR LINEAR LINEAR LINEAR LINEAR LINEAR LINEAR LINEAR
LINEAR LINEAR LINEAR LINEAR LINEAR LINEAR LINEAR LINEAR LINEAR LINEAR LINEAR LINEAR
LINEAR LINEAR LINEAR LINEAR LINEAR LINEAR LINEAR LINEAR LINEAR LINEAR LINEAR LINEAR
LINEAR LINEAR LINEAR LINEAR</Name_array><technique_common><accessor source="#Spine-Interpolations-array" count="39"><param type="name"/></accessor></technique_common></source><sampler id="Spine-Matrix-animation-transform"><input semantic="INPUT" source="#Spine-Matrix-animation-input"/><input semantic="OUTPUT" source="#Spine-Matrix-animation-output-transform"/><input semantic="INTERPOLATION" source="#Spine-Interpolations"/></sampler><channel source="#Spine-Matrix-animation-transform" target="Spine/matrix"/></animation>
    <animation id="Spine1-anim" name="Spine1"><source id="Spine1-Matrix-animation-input"><float_array id="Spine1-Matrix-animation-input-array" count="39">

0.000000 0.033333 0.066667 0.100000 0.133333 0.166667 0.200000 0.233333 0.266667 0.300000 0.333333 0.366667 0.400000 0.433333 0.466667 0.500000
0.533333 0.566667 0.600000 0.633333 0.666667 0.700000 0.733333 0.766667 0.800000 0.833333 0.866667 0.900000 0.933333 0.966667 1.000000 1.033333
1.066667 1.100000 1.133333 1.166667 1.200000 1.233333 1.266667</float_array><technique_common><accessor source="#Spine1-Matrix-animation-input-array" count="39"><param name="TIME" type="float"/></accessor></technique_common></source><source id="Spine1-Matrix-animation-output-transform"><float_array id="Spine1-Matrix-animation-output-transform-array" count="624">

0.998416 -0.050873 -0.024022 0.000000 0.051747 0.997964 0.037275 6.050100 0.022077 -0.038459 0.999016 0.279600 0.000000 0.000000 0.000000 1.000000
0.998474 -0.049259 -0.024958 0.000000 0.050202 0.997990 0.038676 6.050100 0.023003 -0.039870 0.998940 0.279600 0.000000 0.000000 0.000000 1.000000
0.998543 -0.047445 -0.025716 0.000000 0.048467 0.997994 0.040719 6.050100 0.023733 -0.041906 0.998840 0.279600 0.000000 0.000000 0.000000 1.000000
0.998626 -0.045516 -0.025968 0.000000 0.046616 0.997967 0.043465 6.050100 0.023937 -0.044615 0.998717 0.279600 0.000000 0.000000 0.000000 1.000000
0.998755 -0.043277 -0.024824 0.000000 0.044433 0.997854 0.048093 6.050100 0.022689 -0.049136 0.998534 0.279600 0.000000 0.000000 0.000000 1.000000
0.998938 -0.039762 -0.023268 0.000000 0.040909 0.997854 0.051121 6.050100 0.021185 -0.052019 0.998421 0.279600 0.000000 0.000000 0.000000 1.000000
0.999160 -0.035515 -0.020431 0.000000 0.036493 0.998097 0.049708 6.050100 0.018627 -0.050411 0.998555 0.279600 0.000000 0.000000 0.000000 1.000000
0.999402 -0.032187 -0.012647 0.000000 0.032723 0.998465 0.044696 6.050100 0.011189 -0.045083 0.998921 0.279600 0.000000 0.000000 0.000000 1.000000
0.999502 -0.031377 0.003240 0.000000 0.031229 0.998767 0.038593 6.050100 -0.004447 -0.038472 0.999250 0.279600 0.000000 0.000000 0.000000 1.000000
0.999078 -0.033517 0.026811 0.000000 0.032609 0.998904 0.033589 6.050100 -0.027908 -0.032684 0.999076 0.279600 0.000000 0.000000 0.000000 1.000000
0.997872 -0.037745 0.053172 0.000000 0.036184 0.998894 0.030018 6.050100 -0.054246 -0.028030 0.998134 0.279600 0.000000 0.000000 0.000000 1.000000
0.996272 -0.042109 0.075291 0.000000 0.040206 0.998837 0.026621 6.050100 -0.076324 -0.023495 0.996806 0.279600 0.000000 0.000000 0.000000 1.000000
0.995239 -0.043177 0.087379 0.000000 0.041377 0.998895 0.022308 6.050100 -0.088246 -0.018586 0.995925 0.279600 0.000000 0.000000 0.000000 1.000000
0.995576 -0.037501 0.086149 -0.000000 0.036095 0.999189 0.017821 6.050100 -0.086748 -0.014633 0.996123 0.279600 0.000000 0.000000 0.000000 1.000000
0.997210 -0.025138 0.070287 0.000000 0.024140 0.999596 0.015014 6.050100 -0.070636 -0.013275 0.997414 0.279600 0.000000 0.000000 0.000000 1.000000
0.999104 -0.011086 0.040850 0.000000 0.010505 0.999841 0.014407 6.050100 -0.041003 -0.013965 0.999061 0.279600 0.000000 0.000000 0.000000 1.000000
0.999992 -0.003026 0.002739 -0.000000 0.002988 0.999900 0.013847 6.050100 -0.002781 -0.013839 0.999900 0.279600 0.000000 0.000000 0.000000 1.000000
0.999355 -0.004834 -0.035578 0.000000 0.005224 0.999927 0.010872 6.050100 0.035523 -0.011051 0.999308 0.279600 0.000000 0.000000 0.000000 1.000000
0.997774 -0.013531 -0.065298 0.000000 0.013952 0.999885 0.005983 6.050100 0.065210 -0.006880 0.997848 0.279600 0.000000 0.000000 0.000000 1.000000
0.996455 -0.022324 -0.081110 -0.000000 0.022584 0.999742 0.002299 6.050100 0.081038 -0.004122 0.996703 0.279600 0.000000 0.000000 0.000000 1.000000
0.996198 -0.027077 -0.082802 -0.000000 0.027325 0.999625 0.001867 6.050100 0.082721 -0.004122 0.996564 0.279600 0.000000 0.000000 0.000000 1.000000
0.996796 -0.029494 -0.074355 0.000000 0.029871 0.999546 0.003964 6.050100 0.074204 -0.006173 0.997224 0.279600 0.000000 0.000000 0.000000 1.000000
0.997516 -0.033613 -0.061899 0.000000 0.034119 0.999392 0.007147 6.050100 0.061621 -0.009241 0.998057 0.279600 0.000000 0.000000 0.000000 1.000000
0.997879 -0.040505 -0.050962 0.000000 0.041119 0.999093 0.011055 6.050100 0.050468 -0.013127 0.998639 0.279600 0.000000 0.000000 0.000000 1.000000
0.997921 -0.047309 -0.043765 0.000000 0.048049 0.998717 0.016018 6.050100 0.042951 -0.018088 0.998913 0.279600 0.000000 0.000000 0.000000 1.000000
0.997936 -0.051235 -0.038707 0.000000 0.052115 0.998397 0.022081 6.050100 0.037514 -0.024052 0.999007 0.279600 0.000000 0.000000 0.000000 1.000000
0.998066 -0.052752 -0.032897 0.000000 0.053703 0.998143 0.028739 6.050100 0.031320 -0.030451 0.999045 0.279600 0.000000 0.000000 0.000000 1.000000
0.998205 -0.054281 -0.025287 -0.000000 0.055153 0.997859 0.035152 6.050100 0.023325 -0.036484 0.999062 0.279600 0.000000 0.000000 0.000000 1.000000
0.998222 -0.057031 -0.017332 -0.000000 0.057692 0.997519 0.040350 6.050100 0.014988 -0.041278 0.999035 0.279600 0.000000 0.000000 0.000000 1.000000
0.998141 -0.059890 -0.011329 0.000000 0.060329 0.997234 0.043419 6.050100 0.008697 -0.044022 0.998993 0.279600 0.000000 0.000000 0.000000 1.000000
0.998097 -0.061022 -0.008903 -0.000000 0.061355 0.997151 0.043882 6.050100 0.006200 -0.044345 0.998997 0.279600 0.000000 0.000000 0.000000 1.000000
0.998160 -0.059708 -0.010558 -0.000000 0.060103 0.997302 0.042154 6.050100 0.008013 -0.042711 0.999055 0.279600 0.000000 0.000000 0.000000 1.000000
0.998258 -0.056980 -0.015331 0.000000 0.057547 0.997561 0.039511 6.050100 0.013042 -0.040324 0.999102 0.279600 0.000000 0.000000 0.000000 1.000000
0.998299 -0.054490 -0.020720 0.000000 0.055236 0.997776 0.037301 6.050100 0.018641 -0.038382 0.999089 0.279600 0.000000 0.000000 0.000000 1.000000
0.998288 -0.053313 -0.024051 0.000000 0.054162 0.997879 0.036115 6.050100 0.022075 -0.037356 0.999058 0.279600 0.000000 0.000000 0.000000 1.000000
0.998282 -0.053239 -0.024472 -0.000000 0.054093 0.997898 0.035684 6.050100 0.022521 -0.036946 0.999063 0.279600 0.000000 0.000000 0.000000 1.000000
0.998311 -0.053234 -0.023255 0.000000 0.054039 0.997908 0.035476 6.050100 0.021318 -0.036673 0.999100 0.279600 0.000000 0.000000 0.000000 1.000000
0.998363 -0.052211 -0.023350 0.000000 0.053037 0.997933 0.036290 6.050100 0.021407 -0.037469 0.999068 0.279600 0.000000 0.000000 0.000000 1.000000
0.998416 -0.050873 -0.024022 0.000000 0.051747 0.997964 0.037275 6.050100 0.022077 -0.038459 0.999016 0.279600 0.000000 0.000000 0.000000 1.000000</float_array><technique_common><accessor source="#Spine1-Matrix-animation-output-transform-array" count="39" stride="16"><param type="float4x4"/></accessor></technique_common></source><source id="Spine1-Interpolations"><Name_array id="Spine1-Interpolations-array" count="39">
 LINEAR LINEAR LINEAR LINEAR LINEAR LINEAR LINEAR LINEAR LINEAR LINEAR LINEAR
LINEAR LINEAR LINEAR LINEAR LINEAR LINEAR LINEAR LINEAR LINEAR LINEAR LINEAR LINEAR
LINEAR LINEAR LINEAR LINEAR LINEAR LINEAR LINEAR LINEAR LINEAR LINEAR LINEAR LINEAR
LINEAR LINEAR LINEAR LINEAR</Name_array><technique_common><accessor source="#Spine1-Interpolations-array" count="39"><param type="name"/></accessor></technique_common></source><sampler id="Spine1-Matrix-animation-transform"><input semantic="INPUT" source="#Spine1-Matrix-animation-input"/><input semantic="OUTPUT" source="#Spine1-Matrix-animation-output-transform"/><input semantic="INTERPOLATION" source="#Spine1-Interpolations"/></sampler><channel source="#Spine1-Matrix-animation-transform" target="Spine1/matrix"/></animation>
    <animation id="Spine2-anim" name="Spine2"><source id="Spine2-Matrix-animation-input"><float_array id="Spine2-Matrix-animation-input-array" count="39">

0.000000 0.033333 0.066667 0.100000 0.133333 0.166667 0.200000 0.233333 0.266667 0.300000 0.333333 0.366667 0.400000 0.433333 0.466667 0.500000
0.533333 0.566667 0.600000 0.633333 0.666667 0.700000 0.733333 0.766667 0.800000 0.833333 0.866667 0.900000 0.933333 0.966667 1.000000 1.033333
1.066667 1.100000 1.133333 1.166667 1.200000 1.233333 1.266667</float_array><technique_common><accessor source="#Spine2-Matrix-animation-input-array" count="39"><param name="TIME" type="float"/></accessor></technique_common></source><source id="Spine2-Matrix-animation-output-transform"><float_array id="Spine2-Matrix-animation-output-transform-array" count="624">

0.998465 -0.051159 -0.021233 0.000000 0.051967 0.997871 0.039415 7.222700 0.019172 -0.040458 0.998997 0.054700 0.000000 0.000000 0.000000 1.000000
0.998523 -0.049550 -0.022306 0.000000 0.050429 0.997898 0.040709 7.222700 0.020242 -0.041773 0.998922 0.054700 0.000000 0.000000 0.000000 1.000000
0.998593 -0.047669 -0.023214 0.000000 0.048628 0.997905 0.042667 7.222700 0.021131 -0.043735 0.998820 0.054700 0.000000 0.000000 0.000000 1.000000
0.998683 -0.045558 -0.023611 0.000000 0.046594 0.997883 0.045369 7.222700 0.021494 -0.046410 0.998691 0.054700 0.000000 0.000000 0.000000 1.000000
0.998826 -0.042822 -0.022636 -0.000000 0.043911 0.997782 0.050033 7.222700 0.020444 -0.050968 0.998491 0.054700 0.000000 0.000000 0.000000 1.000000
0.999012 -0.039046 -0.021233 0.000000 0.040125 0.997789 0.052991 7.222700 0.019117 -0.053790 0.998369 0.054700 0.000000 0.000000 0.000000 1.000000
0.999226 -0.034691 -0.018551 0.000000 0.035605 0.998042 0.051434 7.222700 0.016730 -0.052054 0.998504 0.054700 0.000000 0.000000 0.000000 1.000000
0.999459 -0.031034 -0.010856 0.000000 0.031505 0.998429 0.046334 7.222700 0.009401 -0.046651 0.998867 0.054700 0.000000 0.000000 0.000000 1.000000
0.999558 -0.029293 0.005009 0.000000 0.029068 0.998762 0.040372 7.222700 -0.006185 -0.040209 0.999172 0.054700 0.000000 0.000000 0.000000 1.000000
0.999144 -0.029931 0.028543 0.000000 0.028899 0.998938 0.035891 7.222700 -0.029587 -0.035035 0.998948 0.054700 0.000000 0.000000 0.000000 1.000000
0.997966 -0.032596 0.054779 -0.000000 0.030800 0.998970 0.033312 7.222700 -0.055808 -0.031557 0.997943 0.054700 0.000000 0.000000 0.000000 1.000000
0.996406 -0.036010 0.076674 0.000000 0.033697 0.998943 0.031258 7.222700 -0.077718 -0.028562 0.996566 0.054700 0.000000 0.000000 0.000000 1.000000
0.995390 -0.037129 0.088428 0.000000 0.034770 0.999001 0.028066 7.222700 -0.089382 -0.024862 0.995687 0.054700 0.000000 0.000000 0.000000 1.000000
0.995705 -0.032382 0.086732 -0.000000 0.030437 0.999257 0.023653 7.222700 -0.087433 -0.020911 0.995951 0.054700 0.000000 0.000000 0.000000 1.000000
0.997295 -0.021395 0.070327 -0.000000 0.020067 0.999608 0.019536 7.222700 -0.070717 -0.018072 0.997333 0.054700 0.000000 0.000000 0.000000 1.000000
0.999141 -0.008876 0.040486 0.000000 0.008199 0.999824 0.016862 7.222700 -0.040628 -0.016516 0.999038 0.054700 0.000000 0.000000 0.000000 1.000000
0.999994 -0.002557 0.002365 0.000000 0.002523 0.999890 0.014642 7.222700 -0.002402 -0.014636 0.999890 0.054700 0.000000 0.000000 0.000000 1.000000
0.999349 -0.006374 -0.035508 -0.000000 0.006771 0.999916 0.011082 7.222700 0.035434 -0.011315 0.999308 0.054700 0.000000 0.000000 0.000000 1.000000
0.997768 -0.017008 -0.064570 0.000000 0.017458 0.999827 0.006406 7.222700 0.064450 -0.007519 0.997893 0.054700 0.000000 0.000000 0.000000 1.000000
0.996439 -0.027053 -0.079862 -0.000000 0.027380 0.999621 0.003000 7.222700 0.079750 -0.005176 0.996801 0.054700 0.000000 0.000000 0.000000 1.000000
0.996175 -0.032024 -0.081301 0.000000 0.032336 0.999474 0.002526 7.222700 0.081177 -0.005146 0.996686 0.054700 0.000000 0.000000 0.000000 1.000000
0.996779 -0.033849 -0.072703 0.000000 0.034264 0.999403 0.004472 7.222700 0.072508 -0.006949 0.997344 0.054700 0.000000 0.000000 0.000000 1.000000
0.997510 -0.037121 -0.059960 0.000000 0.037652 0.999261 0.007753 7.222700 0.059628 -0.009992 0.998171 0.054700 0.000000 0.000000 0.000000 1.000000
0.997879 -0.043327 -0.048585 0.000000 0.043960 0.998961 0.012026 7.222700 0.048014 -0.014136 0.998747 0.054700 0.000000 0.000000 0.000000 1.000000
0.997924 -0.049649 -0.041016 0.000000 0.050395 0.998579 0.017338 7.222700 0.040097 -0.019369 0.999008 0.054700 0.000000 0.000000 0.000000 1.000000
0.997946 -0.053100 -0.035830 -0.000000 0.053963 0.998265 0.023558 7.222700 0.034517 -0.025443 0.999080 0.054700 0.000000 0.000000 0.000000 1.000000
0.998089 -0.053966 -0.030084 -0.000000 0.054877 0.998033 0.030315 7.222700 0.028389 -0.031908 0.999088 0.054700 0.000000 0.000000 0.000000 1.000000
0.998251 -0.054666 -0.022520 -0.000000 0.055474 0.997775 0.036992 7.222700 0.020448 -0.038176 0.999062 0.054700 0.000000 0.000000 0.000000 1.000000
0.998294 -0.056572 -0.014465 0.000000 0.057143 0.997454 0.042661 7.222700 0.012014 -0.043415 0.998985 0.054700 0.000000 0.000000 0.000000 1.000000
0.998236 -0.058794 -0.008277 0.000000 0.059115 0.997180 0.046231 7.222700 0.005535 -0.046638 0.998896 0.054700 0.000000 0.000000 0.000000 1.000000
0.998202 -0.059672 -0.005731 0.000000 0.059876 0.997099 0.046987 7.222700 0.002911 -0.047245 0.998879 0.054700 0.000000 0.000000 0.000000 1.000000
0.998257 -0.058552 -0.007401 0.000000 0.058828 0.997243 0.045231 7.222700 0.004732 -0.045587 0.998949 0.054700 0.000000 0.000000 0.000000 1.000000
0.998336 -0.056346 -0.012276 0.000000 0.056819 0.997488 0.042309 7.222700 0.009861 -0.042936 0.999029 0.054700 0.000000 0.000000 0.000000 1.000000
0.998359 -0.054435 -0.017752 0.000000 0.055106 0.997688 0.039773 7.222700 0.015546 -0.040686 0.999051 0.054700 0.000000 0.000000 0.000000 1.000000
0.998338 -0.053622 -0.021096 0.000000 0.054404 0.997780 0.038397 7.222700 0.018991 -0.039481 0.999040 0.054700 0.000000 0.000000 0.000000 1.000000
0.998330 -0.053620 -0.021485 0.000000 0.054408 0.997798 0.037946 7.222700 0.019403 -0.039051 0.999049 0.054700 0.000000 0.000000 0.000000 1.000000
0.998361 -0.053521 -0.020268 0.000000 0.054259 0.997812 0.037780 7.222700 0.018201 -0.038818 0.999081 0.054700 0.000000 0.000000 0.000000 1.000000
0.998413 -0.052477 -0.020449 0.000000 0.053235 0.997838 0.038529 7.222700 0.018383 -0.039556 0.999048 0.054700 0.000000 0.000000 0.000000 1.000000
0.998465 -0.051159 -0.021233 0.000000 0.051967 0.997871 0.039415 7.222700 0.019172 -0.040458 0.998997 0.054700 0.000000 0.000000 0.000000 1.000000</float_array><technique_common><accessor source="#Spine2-Matrix-animation-output-transform-array" count="39" stride="16"><param type="float4x4"/></accessor></technique_common></source><source id="Spine2-Interpolations"><Name_array id="Spine2-Interpolations-array" count="39">
 LINEAR LINEAR LINEAR LINEAR LINEAR LINEAR LINEAR LINEAR LINEAR LINEAR LINEAR
LINEAR LINEAR LINEAR LINEAR LINEAR LINEAR LINEAR LINEAR LINEAR LINEAR LINEAR LINEAR
LINEAR LINEAR LINEAR LINEAR LINEAR LINEAR LINEAR LINEAR LINEAR LINEAR LINEAR LINEAR
LINEAR LINEAR LINEAR LINEAR</Name_array><technique_common><accessor source="#Spine2-Interpolations-array" count="39"><param type="name"/></accessor></technique_common></source><sampler id="Spine2-Matrix-animation-transform"><input semantic="INPUT" source="#Spine2-Matrix-animation-input"/><input semantic="OUTPUT" source="#Spine2-Matrix-animation-output-transform"/><input semantic="INTERPOLATION" source="#Spine2-Interpolations"/></sampler><channel source="#Spine2-Matrix-animation-transform" target="Spine2/matrix"/></animation>
    <animation id="Neck-anim" name="Neck"><source id="Neck-Matrix-animation-input"><float_array id="Neck-Matrix-animation-input-array" count="39">

0.000000 0.033333 0.066667 0.100000 0.133333 0.166667 0.200000 0.233333 0.266667 0.300000 0.333333 0.366667 0.400000 0.433333 0.466667 0.500000
0.533333 0.566667 0.600000 0.633333 0.666667 0.700000 0.733333 0.766667 0.800000 0.833333 0.866667 0.900000 0.933333 0.966667 1.000000 1.033333
1.066667 1.100000 1.133333 1.166667 1.200000 1.233333 1.266667</float_array><technique_common><accessor source="#Neck-Matrix-animation-input-array" count="39"><param name="TIME" type="float"/></accessor></technique_common></source><source id="Neck-Matrix-animation-output-transform"><float_array id="Neck-Matrix-animation-output-transform-array" count="624">

0.998328 0.057385 -0.006891 0.000000 -0.057550 0.975927 -0.210365 38.972599 -0.005347 0.210410 0.977599 -1.486700 0.000000 0.000000 0.000000 1.000000
0.998407 0.055505 -0.010090 0.000000 -0.056386 0.976168 -0.209564 38.972599 -0.001782 0.209799 0.977743 -1.486700 0.000000 0.000000 0.000000 1.000000
0.998467 0.053737 -0.013291 0.000000 -0.055330 0.976262 -0.209404 38.972599 0.001723 0.209819 0.977739 -1.486700 0.000000 0.000000 0.000000 1.000000
0.998505 0.052142 -0.016423 -0.000000 -0.054428 0.976253 -0.209686 38.972599 0.005100 0.210266 0.977631 -1.486700 0.000000 0.000000 0.000000 1.000000
0.998534 0.050614 -0.019188 0.000000 -0.053524 0.976101 -0.210623 38.972599 0.008069 0.211341 0.977379 -1.486700 0.000000 0.000000 0.000000 1.000000
0.998463 0.050733 -0.022296 0.000000 -0.054275 0.976489 -0.208623 38.972599 0.011188 0.209512 0.977742 -1.486700 0.000000 0.000000 0.000000 1.000000
0.998273 0.052739 -0.025866 0.000000 -0.056904 0.977510 -0.203066 38.972599 0.014575 0.204188 0.978823 -1.486700 0.000000 0.000000 0.000000 1.000000
0.997995 0.055605 -0.030238 0.000000 -0.060468 0.978763 -0.195873 38.972599 0.018705 0.197308 0.980163 -1.486700 0.000000 0.000000 0.000000 1.000000
0.997703 0.058585 -0.033997 0.000000 -0.064002 0.979689 -0.190035 38.972599 0.022174 0.191774 0.981189 -1.486700 0.000000 0.000000 0.000000 1.000000
0.997439 0.062889 -0.034055 0.000000 -0.068176 0.979967 -0.187127 38.972599 0.021604 0.188969 0.981745 -1.486700 0.000000 0.000000 0.000000 1.000000
0.997146 0.070349 -0.027384 -0.000000 -0.074234 0.979685 -0.186299 38.972599 0.013721 0.187800 0.982111 -1.486700 0.000000 0.000000 0.000000 1.000000
0.996714 0.079936 -0.013077 0.000000 -0.080972 0.979178 -0.186155 38.972599 -0.002076 0.186603 0.982433 -1.486700 0.000000 0.000000 0.000000 1.000000
0.996202 0.086826 0.006581 0.000000 -0.084072 0.978773 -0.186910 38.972599 -0.022670 0.185646 0.982355 -1.486700 0.000000 0.000000 0.000000 1.000000
0.995937 0.086095 0.026410 0.000000 -0.079556 0.978563 -0.189960 38.972599 -0.042198 0.187087 0.981437 -1.486700 0.000000 0.000000 0.000000 1.000000
0.996187 0.077492 0.040090 -0.000000 -0.068215 0.978256 -0.195861 38.972599 -0.054396 0.192380 0.979812 -1.486700 0.000000 0.000000 0.000000 1.000000
0.996848 0.066486 0.043280 0.000000 -0.056372 0.977506 -0.203233 38.972599 -0.055819 0.200153 0.978173 -1.486700 0.000000 0.000000 0.000000 1.000000
0.997509 0.060319 0.036573 0.000000 -0.051383 0.976534 -0.209142 38.972599 -0.048330 0.206742 0.977201 -1.486700 0.000000 0.000000 0.000000 1.000000
0.997726 0.062371 0.025538 -0.000000 -0.055617 0.975964 -0.210717 38.972599 -0.038067 0.208817 0.977213 -1.486700 0.000000 0.000000 0.000000 1.000000
0.997415 0.069836 0.016922 -0.000000 -0.064820 0.976068 -0.207578 38.972599 -0.031013 0.205945 0.978072 -1.486700 0.000000 0.000000 0.000000 1.000000
0.996953 0.076751 0.013906 0.000000 -0.072358 0.976595 -0.202552 38.972599 -0.029127 0.200929 0.979173 -1.486700 0.000000 0.000000 0.000000 1.000000
0.996742 0.079286 0.014781 0.000000 -0.074774 0.977128 -0.199072 38.972599 -0.030227 0.197318 0.979873 -1.486700 0.000000 0.000000 0.000000 1.000000
0.996810 0.078199 0.015979 -0.000000 -0.073502 0.977419 -0.198116 38.972599 -0.031111 0.196309 0.980048 -1.486700 0.000000 0.000000 0.000000 1.000000
0.996942 0.076530 0.015801 0.000000 -0.071902 0.977553 -0.198043 38.972599 -0.030603 0.196301 0.980066 -1.486700 0.000000 0.000000 0.000000 1.000000
0.997001 0.075909 0.015068 -0.000000 -0.071470 0.977798 -0.196985 38.972599 -0.029687 0.195317 0.980291 -1.486700 0.000000 0.000000 0.000000 1.000000
0.997015 0.075735 0.015029 -0.000000 -0.071368 0.978213 -0.194952 38.972599 -0.029466 0.193298 0.980698 -1.486700 0.000000 0.000000 0.000000 1.000000
0.997046 0.075194 0.015634 0.000000 -0.070761 0.978517 -0.193641 38.972599 -0.029859 0.191963 0.980948 -1.486700 0.000000 0.000000 0.000000 1.000000
0.997087 0.074592 0.015938 -0.000000 -0.070079 0.978362 -0.194670 38.972599 -0.030114 0.192986 0.980739 -1.486700 0.000000 0.000000 0.000000 1.000000
0.997110 0.074392 0.015406 0.000000 -0.069876 0.977645 -0.198311 38.972599 -0.029815 0.196661 0.980018 -1.486700 0.000000 0.000000 0.000000 1.000000
0.997154 0.074008 0.014361 -0.000000 -0.069551 0.976595 -0.203529 38.972599 -0.029088 0.201951 0.978964 -1.486700 0.000000 0.000000 0.000000 1.000000
0.997291 0.072334 0.013377 0.000000 -0.067962 0.975605 -0.208749 38.972599 -0.028150 0.207274 0.977878 -1.486700 0.000000 0.000000 0.000000 1.000000
0.997523 0.069194 0.012622 -0.000000 -0.064940 0.974973 -0.212626 38.972599 -0.027019 0.211279 0.977052 -1.486700 0.000000 0.000000 0.000000 1.000000
0.997770 0.065703 0.011763 0.000000 -0.061654 0.974723 -0.214742 38.972599 -0.025575 0.213538 0.976600 -1.486700 0.000000 0.000000 0.000000 1.000000
0.997946 0.063235 0.010282 0.000000 -0.059532 0.974610 -0.215852 38.972599 -0.023670 0.214796 0.976372 -1.486700 0.000000 0.000000 0.000000 1.000000
0.998024 0.062338 0.007898 -0.000000 -0.059144 0.974378 -0.217001 38.972599 -0.021223 0.216105 0.976139 -1.486700 0.000000 0.000000 0.000000 1.000000
0.998036 0.062454 0.004846 0.000000 -0.059897 0.974100 -0.218041 38.972599 -0.018338 0.217323 0.975928 -1.486700 0.000000 0.000000 0.000000 1.000000
0.998051 0.062380 0.001761 0.000000 -0.060505 0.974190 -0.217470 38.972599 -0.015281 0.216940 0.976065 -1.486700 0.000000 0.000000 0.000000 1.000000
0.998127 0.061168 -0.000853 0.000000 -0.059930 0.974952 -0.214191 38.972599 -0.012270 0.213840 0.976792 -1.486700 0.000000 0.000000 0.000000 1.000000
0.998233 0.059292 -0.003786 0.000000 -0.058747 0.975518 -0.211929 38.972599 -0.008873 0.211777 0.977278 -1.486700 0.000000 0.000000 0.000000 1.000000
0.998328 0.057385 -0.006891 0.000000 -0.057550 0.975927 -0.210365 38.972599 -0.005347 0.210410 0.977599 -1.486700 0.000000 0.000000 0.000000 1.000000</float_array><technique_common><accessor source="#Neck-Matrix-animation-output-transform-array" count="39" stride="16"><param type="float4x4"/></accessor></technique_common></source><source id="Neck-Interpolations"><Name_array id="Neck-Interpolations-array" count="39">
 LINEAR LINEAR LINEAR LINEAR LINEAR LINEAR LINEAR LINEAR LINEAR LINEAR LINEAR
LINEAR LINEAR LINEAR LINEAR LINEAR LINEAR LINEAR LINEAR LINEAR LINEAR LINEAR LINEAR
LINEAR LINEAR LINEAR LINEAR LINEAR LINEAR LINEAR LINEAR LINEAR LINEAR LINEAR LINEAR
LINEAR LINEAR LINEAR LINEAR</Name_array><technique_common><accessor source="#Neck-Interpolations-array" count="39"><param type="name"/></accessor></technique_common></source><sampler id="Neck-Matrix-animation-transform"><input semantic="INPUT" source="#Neck-Matrix-animation-input"/><input semantic="OUTPUT" source="#Neck-Matrix-animation-output-transform"/><input semantic="INTERPOLATION" source="#Neck-Interpolations"/></sampler><channel source="#Neck-Matrix-animation-transform" target="Neck/matrix"/></animation>
    <animation id="Head-anim" name="Head"><source id="Head-Matrix-animation-input"><float_array id="Head-Matrix-animation-input-array" count="39">

0.000000 0.033333 0.066667 0.100000 0.133333 0.166667 0.200000 0.233333 0.266667 0.300000 0.333333 0.366667 0.400000 0.433333 0.466667 0.500000
0.533333 0.566667 0.600000 0.633333 0.666667 0.700000 0.733333 0.766667 0.800000 0.833333 0.866667 0.900000 0.933333 0.966667 1.000000 1.033333
1.066667 1.100000 1.133333 1.166667 1.200000 1.233333 1.266667</float_array><technique_common><accessor source="#Head-Matrix-animation-input-array" count="39"><param name="TIME" type="float"/></accessor></technique_common></source><source id="Head-Matrix-animation-output-transform"><float_array id="Head-Matrix-animation-output-transform-array" count="624">

0.998060 0.056347 -0.026473 0.000000 -0.054026 0.995213 0.081433 14.927200 0.030935 -0.079845 0.996327 1.096300 0.000000 0.000000 0.000000 1.000000
0.997731 0.047992 -0.047229 0.000000 -0.043959 0.995579 0.083009 14.927200 0.051004 -0.080745 0.995429 1.096300 0.000000 0.000000 0.000000 1.000000
0.996877 0.038321 -0.069046 -0.000000 -0.032396 0.995856 0.084977 14.927200 0.072017 -0.082475 0.993988 1.096300 0.000000 0.000000 0.000000 1.000000
0.995410 0.027810 -0.091576 -0.000000 -0.019741 0.995937 0.087866 14.927200 0.093648 -0.085655 0.991914 1.096300 0.000000 0.000000 0.000000 1.000000
