<?xml version="1.0" encoding="utf-8"?>
<COLLADA xmlns="http://www.collada.org/2005/11/COLLADASchema" version="1.4.1">
  <asset><contributor><author>Mixamo</author><authoring_tool>COLLADA Mixamo exporter</authoring_tool><comments></comments></contributor><created>2019-11-11T01:59:17Z</created><modified>2019-11-11T01:59:17Z</modified><revision></revision><title></title><unit meter="0.010000"/><up_axis>Y_UP</up_axis></asset>
  <library_animations>
    <animation id="Hips-anim" name="Hips"><source id="Hips-Matrix-animation-input"><float_array id="Hips-Matrix-animation-input-array" count="76">

0.000000 0.033333 0.066667 0.100000 0.133333 0.166667 0.200000 0.233333 0.266667 0.300000 0.333333 0.366667 0.400000 0.433333 0.466667 0.500000
0.533333 0.566667 0.600000 0.633333 0.666667 0.700000 0.733333 0.766667 0.800000 0.833333 0.866667 0.900000 0.933333 0.966667 1.000000 1.033333
1.066667 1.100000 1.133333 1.166667 1.200000 1.233333 1.266667 1.300000 1.333333 1.366667 1.400000 1.433333 1.466667 1.500000 1.533333 1.566667
1.600000 1.633333 1.666667 1.700000 1.733333 1.766667 1.800000 1.833333 1.866667 1.900000 1.933333 1.966667 2.000000 2.033333 2.066667 2.100000
2.133333 2.166667 2.200000 2.233333 2.266667 2.300000 2.333333 2.366667 2.400000 2.433333 2.466667 2.500000</float_array><technique_common><accessor source="#Hips-Matrix-animation-input-array" count="76"><param name="TIME" type="float"/></accessor></technique_common></source><source id="Hips-Matrix-animation-output-transform"><float_array id="Hips-Matrix-animation-output-transform-array" count="1216">

0.543869 -0.036637 -0.838370 -0.013558 0.013445 0.999299 -0.034947 97.440292 0.839062 0.007734 0.543980 -0.170885 0.000000 0.000000 0.000000 1.000000
0.540769 -0.037940 -0.840315 -0.242802 0.016238 0.999267 -0.034666 97.429260 0.841014 0.005101 0.540989 -0.245484 0.000000 0.000000 0.000000 1.000000
0.536656 -0.039503 -0.842876 -0.453796 0.018645 0.999215 -0.034958 97.446922 0.843595 0.003045 0.536971 -0.324833 0.000000 0.000000 0.000000 1.000000
0.531094 -0.041160 -0.846312 -0.652975 0.020765 0.999152 -0.035562 97.483192 0.847058 0.001313 0.531498 -0.384759 0.000000 0.000000 0.000000 1.000000
0.524453 -0.042814 -0.850362 -0.843419 0.022860 0.999083 -0.036203 97.534904 0.851132 -0.000453 0.524951 -0.403118 0.000000 0.000000 0.000000 1.000000
0.517705 -0.044685 -0.854391 -1.021491 0.025339 0.998998 -0.036894 97.601738 0.855184 -0.002550 0.518318 -0.389802 0.000000 0.000000 0.000000 1.000000
0.511794 -0.046948 -0.857825 -1.173891 0.028030 0.998887 -0.037945 97.681473 0.858651 -0.004625 0.512540 -0.378739 0.000000 0.000000 0.000000 1.000000
0.507737 -0.049492 -0.860089 -1.286782 0.029867 0.998760 -0.039840 97.767235 0.860994 -0.005460 0.508585 -0.372821 0.000000 0.000000 0.000000 1.000000
0.506340 -0.049982 -0.860884 -1.334878 0.026315 0.998749 -0.042509 97.669510 0.861932 -0.001130 0.507022 -0.153468 0.000000 0.000000 0.000000 1.000000
0.506827 -0.048889 -0.860660 -1.333668 0.018866 0.998780 -0.045625 97.471344 0.861841 0.006887 0.507131 0.338848 0.000000 0.000000 0.000000 1.000000
0.506801 -0.047942 -0.860729 -1.293897 0.009990 0.998712 -0.049746 97.273918 0.862005 0.016612 0.506628 1.021937 0.000000 0.000000 0.000000 1.000000
0.504449 -0.046715 -0.862177 -1.231394 -0.002316 0.998459 -0.055455 96.927452 0.863438 0.029971 0.503563 1.879754 0.000000 0.000000 0.000000 1.000000
0.500790 -0.043110 -0.864495 -1.218443 -0.019261 0.997957 -0.060922 96.344879 0.865355 0.047160 0.498936 2.881719 0.000000 0.000000 0.000000 1.000000
0.499684 -0.032868 -0.865584 -1.337947 -0.040052 0.997334 -0.060993 95.517853 0.865281 0.065146 0.497036 4.112935 0.000000 0.000000 0.000000 1.000000
0.505967 -0.011349 -0.862478 -1.690780 -0.062439 0.996808 -0.049746 94.457535 0.860290 0.079022 0.503644 5.802500 0.000000 0.000000 0.000000 1.000000
0.525444 0.023958 -0.850491 -2.345307 -0.085750 0.996005 -0.024920 93.156326 0.846496 0.086023 0.525399 8.219365 0.000000 0.000000 0.000000 1.000000
0.566281 0.069120 -0.821309 -3.210568 -0.105577 0.994351 0.010889 92.003311 0.817423 0.080546 0.570380 11.317774 0.000000 0.000000 0.000000 1.000000
0.634463 0.118054 -0.763884 -4.192651 -0.120491 0.991292 0.053122 91.263405 0.763504 0.058337 0.643163 15.186304 0.000000 0.000000 0.000000 1.000000
0.726357 0.162383 -0.667860 -5.087052 -0.132871 0.986536 0.095356 90.934341 0.674352 0.019477 0.738153 19.609058 0.000000 0.000000 0.000000 1.000000
0.825348 0.198258 -0.528673 -5.711311 -0.150212 0.979683 0.132885 91.195358 0.544277 -0.030264 0.838359 24.020622 0.000000 0.000000 0.000000 1.000000
0.907433 0.227770 -0.353110 -6.188148 -0.181624 0.970395 0.159202 92.145020 0.378918 -0.080332 0.921937 27.653177 0.000000 0.000000 0.000000 1.000000
0.952103 0.259422 -0.161864 -6.840280 -0.232061 0.957736 0.169971 94.038399 0.199117 -0.124268 0.972065 30.354359 0.000000 0.000000 0.000000 1.000000
0.956242 0.291875 0.020271 -7.816902 -0.290858 0.940829 0.173902 97.249809 0.031686 -0.172188 0.984554 32.395641 0.000000 0.000000 0.000000 1.000000
0.915532 0.354603 0.189892 -8.922643 -0.387395 0.904385 0.178920 101.453903 -0.108290 -0.237370 0.965365 35.106064 0.000000 0.000000 0.000000 1.000000
0.837909 0.417602 0.351450 -9.946566 -0.494682 0.853136 0.165675 105.954742 -0.230649 -0.312677 0.921431 39.358047 0.000000 0.000000 0.000000 1.000000
0.718557 0.482765 0.500614 -10.185947 -0.609953 0.783276 0.120148 110.257812 -0.334116 -0.391685 0.857292 44.120735 0.000000 0.000000 0.000000 1.000000
0.570433 0.541134 0.617884 -9.930568 -0.716387 0.695760 0.052035 112.715111 -0.401740 -0.472327 0.784546 47.155033 0.000000 0.000000 0.000000 1.000000
0.435893 0.579783 0.688367 -11.640837 -0.794319 0.607440 -0.008637 113.299919 -0.423149 -0.543018 0.725311 49.585670 0.000000 0.000000 0.000000 1.000000
0.341662 0.610002 0.714958 -14.126789 -0.848076 0.527946 -0.045166 113.212128 -0.405011 -0.590907 0.697707 52.915352 0.000000 0.000000 0.000000 1.000000
0.290727 0.644327 0.707334 -15.663383 -0.881680 0.467553 -0.063519 113.509491 -0.371643 -0.605175 0.704020 57.535519 0.000000 0.000000 0.000000 1.000000
0.263683 0.677834 0.686303 -16.824886 -0.904613 0.420772 -0.068020 113.732445 -0.334884 -0.602903 0.724128 61.548885 0.000000 0.000000 0.000000 1.000000
0.236649 0.692778 0.681216 -17.962345 -0.920667 0.383912 -0.070596 113.789459 -0.310435 -0.610467 0.728670 65.111115 0.000000 0.000000 0.000000 1.000000
0.210118 0.684090 0.698478 -19.090630 -0.923180 0.374016 -0.088598 112.589958 -0.321851 -0.626205 0.710126 66.816223 0.000000 0.000000 0.000000 1.000000
0.182392 0.658398 0.730236 -19.901558 -0.916436 0.382900 -0.116332 111.499916 -0.356200 -0.647997 0.673218 68.529335 0.000000 0.000000 0.000000 1.000000
0.162195 0.630581 0.758986 -20.243126 -0.899890 0.410090 -0.148406 110.445160 -0.404835 -0.658934 0.633968 69.626640 0.000000 0.000000 0.000000 1.000000
0.153625 0.608405 0.778616 -20.295427 -0.873810 0.451553 -0.180433 109.265778 -0.461363 -0.652643 0.601000 69.835526 0.000000 0.000000 0.000000 1.000000
0.157018 0.590179 0.791855 -20.282558 -0.844598 0.495810 -0.202056 107.858658 -0.511859 -0.637073 0.576315 69.753395 0.000000 0.000000 0.000000 1.000000
0.185869 0.571504 0.799272 -19.947008 -0.809043 0.550626 -0.205572 106.275497 -0.557585 -0.608436 0.564716 68.768143 0.000000 0.000000 0.000000 1.000000
0.244565 0.546561 0.800911 -18.958910 -0.764830 0.616454 -0.187136 104.991623 -0.596006 -0.566794 0.568789 66.775528 0.000000 0.000000 0.000000 1.000000
0.340185 0.510572 0.789678 -17.068014 -0.706157 0.693253 -0.144023 104.263489 -0.620981 -0.508642 0.596378 64.061646 0.000000 0.000000 0.000000 1.000000
0.476106 0.458182 0.750595 -14.258170 -0.627672 0.774870 -0.074864 104.198944 -0.615915 -0.435484 0.656508 61.084961 0.000000 0.000000 0.000000 1.000000
0.637309 0.384075 0.668075 -10.935393 -0.526123 0.850308 0.013053 104.753723 -0.563056 -0.359808 0.743980 58.272743 0.000000 0.000000 0.000000 1.000000
0.787741 0.291913 0.542449 -7.890081 -0.402482 0.910538 0.094486 105.359406 -0.466339 -0.292757 0.834758 55.813316 0.000000 0.000000 0.000000 1.000000
0.891295 0.205091 0.404389 -5.612153 -0.282362 0.948873 0.141109 105.576286 -0.354773 -0.239954 0.903636 53.550800 0.000000 0.000000 0.000000 1.000000
0.944055 0.146116 0.295651 -4.211350 -0.195953 0.969607 0.146509 104.892616 -0.265258 -0.196246 0.943995 51.443695 0.000000 0.000000 0.000000 1.000000
0.967687 0.110430 0.226689 -3.294393 -0.141681 0.981792 0.126533 103.625771 -0.208588 -0.154562 0.965713 49.464741 0.000000 0.000000 0.000000 1.000000
0.982624 0.077993 0.168424 -2.497766 -0.095455 0.990579 0.098192 102.206673 -0.159179 -0.112563 0.980812 47.513309 0.000000 0.000000 0.000000 1.000000
0.993424 0.050747 0.102629 -1.858853 -0.057763 0.996107 0.066589 100.707855 -0.098850 -0.072080 0.992488 45.592384 0.000000 0.000000 0.000000 1.000000
0.999009 0.034044 0.028677 -1.418191 -0.034888 0.998957 0.029469 99.341370 -0.027643 -0.030441 0.999154 43.623055 0.000000 0.000000 0.000000 1.000000
0.998323 0.027672 -0.050850 -1.150406 -0.028157 0.999564 -0.008841 98.345459 0.050583 0.010258 0.998667 41.592793 0.000000 0.000000 0.000000 1.000000
0.989387 0.023063 -0.143459 -0.896461 -0.028479 0.998953 -0.035813 97.977211 0.142483 0.039519 0.989008 39.639179 0.000000 0.000000 0.000000 1.000000
0.966294 0.015850 -0.256954 -0.511106 -0.028673 0.998519 -0.046233 98.257645 0.255840 0.052042 0.965317 37.753452 0.000000 0.000000 0.000000 1.000000
0.921737 0.008657 -0.387718 -0.040105 -0.029393 0.998435 -0.047582 99.053467 0.386699 0.055254 0.920549 35.733444 0.000000 0.000000 0.000000 1.000000
0.855193 0.004665 -0.518289 0.360863 -0.034309 0.998276 -0.047625 100.203751 0.517174 0.058510 0.853878 33.424511 0.000000 0.000000 0.000000 1.000000
0.776985 0.003418 -0.629510 0.593032 -0.042645 0.997974 -0.047217 101.492470 0.628073 0.063532 0.775556 30.846745 0.000000 0.000000 0.000000 1.000000
0.701469 0.003124 -0.712693 0.634333 -0.052283 0.997522 -0.047087 102.379997 0.710779 0.070292 0.699894 27.933584 0.000000 0.000000 0.000000 1.000000
0.637753 0.001141 -0.770240 0.537346 -0.062817 0.996745 -0.050535 102.836143 0.767675 0.080613 0.635749 24.759447 0.000000 0.000000 0.000000 1.000000
0.589308 -0.004431 -0.807896 0.429722 -0.077297 0.995088 -0.061841 102.571175 0.804202 0.098891 0.586071 21.237551 0.000000 0.000000 0.000000 1.000000
0.556891 -0.011788 -0.830502 0.384794 -0.093328 0.992679 -0.076671 101.189720 0.825325 0.120207 0.551714 17.490036 0.000000 0.000000 0.000000 1.000000
0.537784 -0.018134 -0.842888 0.456410 -0.101895 0.991042 -0.086333 98.777405 0.836902 0.132315 0.531119 13.821708 0.000000 0.000000 0.000000 1.000000
0.524306 -0.023293 -0.851212 0.746815 -0.098759 0.991217 -0.087955 96.045784 0.845784 0.130181 0.517400 10.679235 0.000000 0.000000 0.000000 1.000000
0.509670 -0.030464 -0.859831 1.166317 -0.087203 0.992397 -0.086851 93.964951 0.855940 0.119246 0.503138 8.232944 0.000000 0.000000 0.000000 1.000000
0.495697 -0.037087 -0.867703 1.393666 -0.075151 0.993509 -0.085396 93.120041 0.865238 0.107540 0.489692 6.352450 0.000000 0.000000 0.000000 1.000000
0.488800 -0.039790 -0.871488 1.299191 -0.066734 0.994327 -0.082829 93.445633 0.869839 0.098645 0.483372 4.840898 0.000000 0.000000 0.000000 1.000000
0.491325 -0.041264 -0.869998 1.092072 -0.060304 0.994868 -0.081243 94.553131 0.868886 0.092381 0.486316 3.641115 0.000000 0.000000 0.000000 1.000000
0.500441 -0.044094 -0.864647 0.990832 -0.053386 0.995230 -0.081652 95.837036 0.864123 0.087022 0.495700 2.686888 0.000000 0.000000 0.000000 1.000000
0.511924 -0.047539 -0.857714 0.999929 -0.045518 0.995564 -0.082347 96.893013 0.857824 0.081197 0.507489 1.919466 0.000000 0.000000 0.000000 1.000000
0.522285 -0.049577 -0.851328 1.016539 -0.037339 0.996022 -0.080910 97.563560 0.851953 0.074046 0.518356 1.318487 0.000000 0.000000 0.000000 1.000000
0.529365 -0.049147 -0.846969 0.994086 -0.029352 0.996662 -0.076178 97.818222 0.847886 0.065186 0.526156 0.882191 0.000000 0.000000 0.000000 1.000000
0.533246 -0.046788 -0.844665 0.945684 -0.021547 0.997394 -0.068851 97.765427 0.845686 0.054915 0.530848 0.592850 0.000000 0.000000 0.000000 1.000000
0.535710 -0.043799 -0.843266 0.871162 -0.013954 0.998058 -0.060704 97.589478 0.844287 0.044287 0.534058 0.401942 0.000000 0.000000 0.000000 1.000000
0.538163 -0.041099 -0.841838 0.745975 -0.006970 0.998559 -0.053206 97.444153 0.842812 0.034501 0.537101 0.263064 0.000000 0.000000 0.000000 1.000000
0.540667 -0.038828 -0.840340 0.564186 -0.001052 0.998902 -0.046831 97.382172 0.841236 0.026204 0.540033 0.150054 0.000000 0.000000 0.000000 1.000000
0.542568 -0.036992 -0.839197 0.355979 0.003893 0.999130 -0.041525 97.378906 0.840003 0.019263 0.542240 0.046403 0.000000 0.000000 0.000000 1.000000
0.543554 -0.036121 -0.838597 0.158847 0.008582 0.999261 -0.037478 97.403839 0.839330 0.013174 0.543462 -0.061252 0.000000 0.000000 0.000000 1.000000
0.543869 -0.036637 -0.838370 -0.013560 0.013446 0.999299 -0.034947 97.440308 0.839062 0.007734 0.543980 -0.170886 0.000000 0.000000 0.000000 1.000000</float_array><technique_common><accessor source="#Hips-Matrix-animation-output-transform-array" count="76" stride="16"><param type="float4x4"/></accessor></technique_common></source><source id="Hips-Interpolations"><Name_array id="Hips-Interpolations-array" count="76">
 LINEAR LINEAR LINEAR LINEAR LINEAR LINEAR LINEAR LINEAR LINEAR LINEAR LINEAR
LINEAR LINEAR LINEAR LINEAR LINEAR LINEAR LINEAR LINEAR LINEAR LINEAR LINEAR LINEAR
LINEAR LINEAR LINEAR LINEAR LINEAR LINEAR LINEAR LINEAR LINEAR LINEAR LINEAR LINEAR
LINEAR LINEAR LINEAR LINEAR LINEAR LINEAR LINEAR LINEAR LINEAR LINEAR LINEAR LINEAR
LINEAR LINEAR LINEAR LINEAR LINEAR LINEAR LINEAR LINEAR LINEAR LINEAR LINEAR LINEAR
LINEAR LINEAR LINEAR LINEAR LINEAR LINEAR LINEAR LINEAR LINEAR LINEAR LINEAR LINEAR
LINEAR LINEAR LINEAR LINEAR LINEAR</Name_array><technique_common><accessor source="#Hips-Interpolations-array" count="76"><param type="name"/></accessor></technique_common></source><sampler id="Hips-Matrix-animation-transform"><input semantic="INPUT" source="#Hips-Matrix-animation-input"/><input semantic="OUTPUT" source="#Hips-Matrix-animation-output-transform"/><input semantic="INTERPOLATION" source="#Hips-Interpolations"/></sampler><channel source="#Hips-Matrix-animation-transform" target="Hips/matrix"/></animation>
    <animation id="Spine-anim" name="Spine"><source id="Spine-Matrix-animation-input"><float_array id="Spine-Matrix-animation-input-array" count="76">

0.000000 0.033333 0.066667 0.100000 0.133333 0.166667 0.200000 0.233333 0.266667 0.300000 0.333333 0.366667 0.400000 0.433333 0.466667 0.500000
0.533333 0.566667 0.600000 0.633333 0.666667 0.700000 0.733333 0.766667 0.800000 0.833333 0.866667 0.900000 0.933333 0.966667 1.000000 1.033333
1.066667 1.100000 1.133333 1.166667 1.200000 1.233333 1.266667 1.300000 1.333333 1.366667 1.400000 1.433333 1.466667 1.500000 1.533333 1.566667
1.600000 1.633333 1.666667 1.700000 1.733333 1.766667 1.800000 1.833333 1.866667 1.900000 1.933333 1.966667 2.000000 2.033333 2.066667 2.100000
2.133333 2.166667 2.200000 2.233333 2.266667 2.300000 2.333333 2.366667 2.400000 2.433333 2.466667 2.500000</float_array><technique_common><accessor source="#Spine-Matrix-animation-input-array" count="76"><param name="TIME" type="float"/></accessor></technique_common></source><source id="Spine-Matrix-animation-output-transform"><float_array id="Spine-Matrix-animation-output-transform-array" count="1216">

0.999644 -0.006655 0.025845 0.000000 0.007984 0.998632 -0.051676 9.623600 -0.025466 0.051864 0.998329 0.382900 0.000000 0.000000 0.000000 1.000000
0.999660 -0.006474 0.025245 0.000000 0.007757 0.998664 -0.051086 9.623600 -0.024881 0.051265 0.998375 0.382900 0.000000 0.000000 0.000000 1.000000
0.999680 -0.006213 0.024520 0.000000 0.007446 0.998697 -0.050491 9.623600 -0.024174 0.050658 0.998423 0.382900 0.000000 0.000000 0.000000 1.000000
0.999701 -0.005550 0.023832 0.000000 0.006727 0.998747 -0.049587 9.623600 -0.023527 0.049733 0.998485 0.382900 0.000000 0.000000 0.000000 1.000000
0.999718 -0.004577 0.023292 -0.000000 0.005700 0.998814 -0.048358 9.623600 -0.023043 0.048478 0.998558 0.382900 0.000000 0.000000 0.000000 1.000000
0.999734 -0.003641 0.022796 -0.000000 0.004709 0.998885 -0.046970 9.623600 -0.022599 0.047064 0.998636 0.382900 0.000000 0.000000 0.000000 1.000000
0.999757 -0.002940 0.021840 0.000000 0.003936 0.998947 -0.045714 9.623600 -0.021683 0.045789 0.998716 0.382900 0.000000 0.000000 0.000000 1.000000
0.999804 -0.002415 0.019668 -0.000000 0.003297 0.998985 -0.044915 9.623600 -0.019540 0.044971 0.998797 0.382900 0.000000 0.000000 0.000000 1.000000
0.999851 -0.005283 0.016418 -0.000000 0.006008 0.998995 -0.044428 9.623600 -0.016167 0.044520 0.998878 0.382900 0.000000 0.000000 0.000000 1.000000
0.999880 -0.009013 0.012581 0.000000 0.009553 0.999005 -0.043572 9.623600 -0.012176 0.043687 0.998971 0.382900 0.000000 0.000000 0.000000 1.000000
0.999910 -0.010448 0.008440 0.000000 0.010791 0.999073 -0.041664 9.623600 -0.007997 0.041751 0.999096 0.382900 0.000000 0.000000 0.000000 1.000000
0.999927 -0.011584 0.003532 0.000000 0.011712 0.999178 -0.038807 9.623600 -0.003079 0.038845 0.999240 0.382900 0.000000 0.000000 0.000000 1.000000
0.999895 -0.014119 -0.003342 0.000000 0.013991 0.999265 -0.035683 9.623600 0.003843 0.035632 0.999358 0.382900 0.000000 0.000000 0.000000 1.000000
0.999766 -0.018264 -0.011620 0.000000 0.017874 0.999301 -0.032838 9.623600 0.012211 0.032622 0.999393 0.382900 0.000000 0.000000 0.000000 1.000000
0.999556 -0.023652 -0.018144 -0.000000 0.023091 0.999268 -0.030494 9.623600 0.018852 0.030062 0.999370 0.382900 0.000000 0.000000 0.000000 1.000000
0.999402 -0.030034 -0.017135 0.000000 0.029573 0.999210 -0.026552 9.623600 0.017919 0.026030 0.999501 0.382900 0.000000 0.000000 0.000000 1.000000
0.999619 -0.027291 0.004065 -0.000000 0.027337 0.999557 -0.011762 9.623600 -0.003743 0.011868 0.999923 0.382900 0.000000 0.000000 0.000000 1.000000
0.998960 -0.014122 0.043342 0.000000 0.013551 0.999818 0.013442 9.623600 -0.043524 -0.012840 0.998970 0.382900 0.000000 0.000000 0.000000 1.000000
0.995117 0.008476 0.098336 -0.000000 -0.012880 0.998938 0.044244 9.623600 -0.097856 -0.045294 0.994169 0.382900 0.000000 0.000000 0.000000 1.000000
0.985728 0.036056 0.164439 -0.000000 -0.048518 0.996194 0.072410 9.623600 -0.161202 -0.079355 0.983726 0.382900 0.000000 0.000000 0.000000 1.000000
0.972312 0.060622 0.225685 0.000000 -0.082821 0.992472 0.090226 9.623600 -0.218516 -0.106420 0.970013 0.382900 0.000000 0.000000 0.000000 1.000000
0.963387 0.072163 0.258222 -0.000000 -0.100186 0.990224 0.097049 9.623600 -0.248694 -0.119366 0.961199 0.382900 0.000000 0.000000 0.000000 1.000000
0.962886 0.074841 0.259323 -0.000000 -0.103606 0.989672 0.099074 9.623600 -0.249230 -0.122265 0.960695 0.382900 0.000000 0.000000 0.000000 1.000000
0.969443 0.070138 0.235077 0.000000 -0.095902 0.990354 0.100010 9.623600 -0.225795 -0.119498 0.966818 0.382900 0.000000 0.000000 0.000000 1.000000
0.979828 0.053404 0.192574 0.000000 -0.073615 0.992324 0.099372 9.623600 -0.185788 -0.111543 0.976238 0.382900 0.000000 0.000000 0.000000 1.000000
0.990432 0.021679 0.136289 0.000000 -0.034361 0.995221 0.091398 9.623600 -0.133656 -0.095207 0.986444 0.382900 0.000000 0.000000 0.000000 1.000000
0.996621 -0.018635 0.079997 0.000000 0.012861 0.997315 0.072092 9.623600 -0.081126 -0.070819 0.994185 0.382900 0.000000 0.000000 0.000000 1.000000
0.998266 -0.044986 0.037963 0.000000 0.043189 0.997966 0.046898 9.623600 -0.039995 -0.045177 0.998178 0.382900 0.000000 0.000000 0.000000 1.000000
0.998223 -0.059471 0.003754 0.000000 0.059337 0.997816 0.029017 9.623600 -0.005472 -0.028743 0.999572 0.382900 0.000000 0.000000 0.000000 1.000000
0.996947 -0.070797 -0.032931 0.000000 0.071597 0.997150 0.023781 9.623600 0.031153 -0.026066 0.999175 0.382900 0.000000 0.000000 0.000000 1.000000
0.994631 -0.081179 -0.064183 0.000000 0.082897 0.996255 0.024580 9.623600 0.061947 -0.029768 0.997635 0.382900 0.000000 0.000000 0.000000 1.000000
0.991783 -0.090143 -0.090778 0.000000 0.092422 0.995494 0.021219 9.623600 0.088456 -0.029435 0.995645 0.382900 0.000000 0.000000 0.000000 1.000000
0.989356 -0.094278 -0.110843 0.000000 0.096298 0.995268 0.013008 9.623600 0.109092 -0.023543 0.993753 0.382900 0.000000 0.000000 0.000000 1.000000
0.987708 -0.091123 -0.126998 0.000000 0.092911 0.995640 0.008216 9.623600 0.125696 -0.019915 0.991869 0.382900 0.000000 0.000000 0.000000 1.000000
0.986780 -0.085727 -0.137537 0.000000 0.087778 0.996100 0.008907 9.623600 0.136237 -0.020862 0.990457 0.382900 0.000000 0.000000 0.000000 1.000000
0.986213 -0.079327 -0.145230 0.000000 0.081625 0.996614 0.009923 9.623600 0.143951 -0.021641 0.989348 0.382900 0.000000 0.000000 0.000000 1.000000
0.985693 -0.070317 -0.153184 0.000000 0.072090 0.997380 0.006042 9.623600 0.152358 -0.016998 0.988179 0.382900 0.000000 0.000000 0.000000 1.000000
0.984971 -0.057444 -0.162888 0.000000 0.057466 0.998337 -0.004579 9.623600 0.162880 -0.004850 0.986634 0.382900 0.000000 0.000000 0.000000 1.000000
0.984358 -0.041043 -0.171331 0.000000 0.038318 0.999082 -0.019179 9.623600 0.171961 0.012314 0.985027 0.382900 0.000000 0.000000 0.000000 1.000000
0.984289 -0.021133 -0.175293 -0.000000 0.015787 0.999368 -0.031834 9.623600 0.175855 0.028567 0.984001 0.382900 0.000000 0.000000 0.000000 1.000000
0.984593 0.000361 -0.174860 0.000000 -0.007198 0.999234 -0.038468 9.623600 0.174712 0.039134 0.983842 0.382900 0.000000 0.000000 0.000000 1.000000
0.985129 0.018130 -0.170856 0.000000 -0.025415 0.998854 -0.040547 9.623600 0.169925 0.044286 0.984461 0.382900 0.000000 0.000000 0.000000 1.000000
0.986373 0.031132 -0.161551 0.000000 -0.038377 0.998384 -0.041920 9.623600 0.159985 0.047548 0.985974 0.382900 0.000000 0.000000 0.000000 1.000000
0.988897 0.034956 -0.144436 0.000000 -0.042168 0.997996 -0.047178 9.623600 0.142497 0.052745 0.988389 0.382900 0.000000 0.000000 0.000000 1.000000
0.992230 0.032653 -0.120059 0.000000 -0.039796 0.997547 -0.057584 9.623600 0.117884 0.061914 0.991095 0.382900 0.000000 0.000000 0.000000 1.000000
0.995231 0.027942 -0.093456 0.000000 -0.034611 0.996909 -0.070524 9.623600 0.091196 0.073422 0.993123 0.382900 0.000000 0.000000 0.000000 1.000000
0.997065 0.026717 -0.071745 -0.000000 -0.032478 0.996235 -0.080375 9.623600 0.069328 0.082470 0.994179 0.382900 0.000000 0.000000 0.000000 1.000000
0.997851 0.025649 -0.060303 0.000000 -0.030695 0.995967 -0.084301 9.623600 0.057897 0.085971 0.994614 0.382900 0.000000 0.000000 0.000000 1.000000
0.998145 0.022038 -0.056746 -0.000000 -0.026729 0.996167 -0.083286 9.623600 0.054693 0.084648 0.994909 0.382900 0.000000 0.000000 0.000000 1.000000
0.998431 0.015124 -0.053916 0.000000 -0.019493 0.996486 -0.081457 9.623600 0.052495 0.082380 0.995217 0.382900 0.000000 0.000000 0.000000 1.000000
0.998896 0.007005 -0.046445 0.000000 -0.010825 0.996532 -0.082509 9.623600 0.045706 0.082921 0.995507 0.382900 0.000000 0.000000 0.000000 1.000000
0.999341 -0.002480 -0.036207 0.000000 -0.000585 0.996431 -0.084415 9.623600 0.036287 0.084380 0.995773 0.382900 0.000000 0.000000 0.000000 1.000000
0.999540 -0.013304 -0.027248 0.000000 0.010983 0.996437 -0.083625 9.623600 0.028263 0.083287 0.996125 0.382900 0.000000 0.000000 0.000000 1.000000
0.999576 -0.021810 -0.019279 0.000000 0.020207 0.996611 -0.079739 9.623600 0.020953 0.079316 0.996629 0.382900 0.000000 0.000000 0.000000 1.000000
0.999657 -0.024226 -0.009937 0.000000 0.023427 0.996993 -0.073871 9.623600 0.011697 0.073613 0.997218 0.382900 0.000000 0.000000 0.000000 1.000000
0.999775 -0.021201 0.001065 0.000000 0.021225 0.997539 -0.066830 9.623600 0.000355 0.066837 0.997764 0.382900 0.000000 0.000000 0.000000 1.000000
0.999786 -0.016793 0.012081 0.000000 0.017485 0.998068 -0.059625 9.623600 -0.011057 0.059824 0.998148 0.382900 0.000000 0.000000 0.000000 1.000000
0.999685 -0.013858 0.020945 -0.000000 0.014965 0.998447 -0.053660 9.623600 -0.020169 0.053957 0.998340 0.382900 0.000000 0.000000 0.000000 1.000000
0.999587 -0.012145 0.026027 0.000000 0.013447 0.998636 -0.050442 9.623600 -0.025379 0.050771 0.998388 0.382900 0.000000 0.000000 0.000000 1.000000
0.999573 -0.009295 0.027705 0.000000 0.010679 0.998681 -0.050212 9.623600 -0.027201 0.050487 0.998354 0.382900 0.000000 0.000000 0.000000 1.000000
0.999574 -0.007070 0.028303 0.000000 0.008518 0.998644 -0.051359 9.623600 -0.027902 0.051578 0.998279 0.382900 0.000000 0.000000 0.000000 1.000000
0.999502 -0.006632 0.030858 0.000000 0.008244 0.998592 -0.052404 9.623600 -0.030467 0.052633 0.998149 0.382900 0.000000 0.000000 0.000000 1.000000
0.999386 -0.006492 0.034437 -0.000000 0.008353 0.998497 -0.054169 9.623600 -0.034033 0.054424 0.997938 0.382900 0.000000 0.000000 0.000000 1.000000
0.999359 -0.004566 0.035500 0.000000 0.006598 0.998333 -0.057337 9.623600 -0.035179 0.057534 0.997724 0.382900 0.000000 0.000000 0.000000 1.000000
0.999405 -0.002510 0.034404 0.000000 0.004558 0.998213 -0.059574 9.623600 -0.034193 0.059695 0.997631 0.382900 0.000000 0.000000 0.000000 1.000000
0.999437 -0.002156 0.033473 -0.000000 0.004137 0.998236 -0.059232 9.623600 -0.033287 0.059337 0.997683 0.382900 0.000000 0.000000 0.000000 1.000000
0.999443 -0.003019 0.033230 -0.000000 0.004910 0.998363 -0.056991 9.623600 -0.033004 0.057123 0.997821 0.382900 0.000000 0.000000 0.000000 1.000000
0.999448 -0.003520 0.033034 0.000000 0.005299 0.998531 -0.053927 9.623600 -0.032795 0.054072 0.997998 0.382900 0.000000 0.000000 0.000000 1.000000
0.999453 -0.003366 0.032888 0.000000 0.005035 0.998697 -0.050789 9.623600 -0.032674 0.050927 0.998168 0.382900 0.000000 0.000000 0.000000 1.000000
0.999455 -0.003600 0.032808 0.000000 0.005193 0.998805 -0.048606 9.623600 -0.032593 0.048750 0.998279 0.382900 0.000000 0.000000 0.000000 1.000000
0.999471 -0.004769 0.032183 0.000000 0.006316 0.998819 -0.048166 9.623600 -0.031915 0.048344 0.998321 0.382900 0.000000 0.000000 0.000000 1.000000
0.999509 -0.006230 0.030718 0.000000 0.007734 0.998764 -0.049094 9.623600 -0.030374 0.049307 0.998322 0.382900 0.000000 0.000000 0.000000 1.000000
0.999554 -0.007214 0.028965 0.000000 0.008668 0.998692 -0.050388 9.623600 -0.028564 0.050616 0.998310 0.382900 0.000000 0.000000 0.000000 1.000000
0.999592 -0.007515 0.027561 0.000000 0.008926 0.998638 -0.051414 9.623600 -0.027137 0.051639 0.998297 0.382900 0.000000 0.000000 0.000000 1.000000
0.999620 -0.007246 0.026595 0.000000 0.008619 0.998616 -0.051887 9.623600 -0.026182 0.052097 0.998299 0.382900 0.000000 0.000000 0.000000 1.000000
0.999644 -0.006655 0.025845 0.000000 0.007984 0.998632 -0.051676 9.623600 -0.025466 0.051864 0.998329 0.382900 0.000000 0.000000 0.000000 1.000000</float_array><technique_common><accessor source="#Spine-Matrix-animation-output-transform-array" count="76" stride="16"><param type="float4x4"/></accessor></technique_common></source><source id="Spine-Interpolations"><Name_array id="Spine-Interpolations-array" count="76">
 LINEAR LINEAR LINEAR LINEAR LINEAR LINEAR LINEAR LINEAR LINEAR LINEAR LINEAR
LINEAR LINEAR LINEAR LINEAR LINEAR LINEAR LINEAR LINEAR LINEAR LINEAR LINEAR LINEAR
LINEAR LINEAR LINEAR LINEAR LINEAR LINEAR LINEAR LINEAR LINEAR LINEAR LINEAR LINEAR
LINEAR LINEAR LINEAR LINEAR LINEAR LINEAR LINEAR LINEAR LINEAR LINEAR LINEAR LINEAR
LINEAR LINEAR LINEAR LINEAR LINEAR LINEAR LINEAR LINEAR LINEAR LINEAR LINEAR LINEAR
LINEAR LINEAR LINEAR LINEAR LINEAR LINEAR LINEAR LINEAR LINEAR LINEAR LINEAR LINEAR
LINEAR LINEAR LINEAR LINEAR LINEAR</Name_array><technique_common><accessor source="#Spine-Interpolations-array" count="76"><param type="name"/></accessor></technique_common></source><sampler id="Spine-Matrix-animation-transform"><input semantic="INPUT" source="#Spine-Matrix-animation-input"/><input semantic="OUTPUT" source="#Spine-Matrix-animation-output-transform"/><input semantic="INTERPOLATION" source="#Spine-Interpolations"/></sampler><channel source="#Spine-Matrix-animation-transform" target="Spine/matrix"/></animation>
    <animation id="Spine1-anim" name="Spine1"><source id="Spine1-Matrix-animation-input"><float_array id="Spine1-Matrix-animation-input-array" count="76">

0.000000 0.033333 0.066667 0.100000 0.133333 0.166667 0.200000 0.233333 0.266667 0.300000 0.333333 0.366667 0.400000 0.433333 0.466667 0.500000
0.533333 0.566667 0.600000 0.633333 0.666667 0.700000 0.733333 0.766667 0.800000 0.833333 0.866667 0.900000 0.933333 0.966667 1.000000 1.033333
1.066667 1.100000 1.133333 1.166667 1.200000 1.233333 1.266667 1.300000 1.333333 1.366667 1.400000 1.433333 1.466667 1.500000 1.533333 1.566667
1.600000 1.633333 1.666667 1.700000 1.733333 1.766667 1.800000 1.833333 1.866667 1.900000 1.933333 1.966667 2.000000 2.033333 2.066667 2.100000
2.133333 2.166667 2.200000 2.233333 2.266667 2.300000 2.333333 2.366667 2.400000 2.433333 2.466667 2.500000</float_array><technique_common><accessor source="#Spine1-Matrix-animation-input-array" count="76"><param name="TIME" type="float"/></accessor></technique_common></source><source id="Spine1-Matrix-animation-output-transform"><float_array id="Spine1-Matrix-animation-output-transform-array" count="1216">

0.999849 -0.014401 0.009678 0.000000 0.014545 0.999782 -0.014958 6.050100 -0.009460 0.015096 0.999841 0.279600 0.000000 0.000000 0.000000 1.000000
0.999840 -0.015202 0.009422 -0.000000 0.015335 0.999781 -0.014211 6.050100 -0.009204 0.014353 0.999855 0.279600 0.000000 0.000000 0.000000 1.000000
0.999835 -0.015734 0.009130 0.000000 0.015858 0.999780 -0.013710 6.050100 -0.008912 0.013853 0.999864 0.279600 0.000000 0.000000 0.000000 1.000000
0.999832 -0.016038 0.008864 0.000000 0.016156 0.999780 -0.013407 6.050100 -0.008647 0.013548 0.999871 0.279600 0.000000 0.000000 0.000000 1.000000
0.999828 -0.016425 0.008666 0.000000 0.016540 0.999774 -0.013371 6.050100 -0.008444 0.013512 0.999873 0.279600 0.000000 0.000000 0.000000 1.000000
0.999817 -0.017132 0.008485 0.000000 0.017247 0.999758 -0.013658 6.050100 -0.008249 0.013802 0.999871 0.279600 0.000000 0.000000 0.000000 1.000000
0.999810 -0.017706 0.008125 -0.000000 0.017821 0.999739 -0.014261 6.050100 -0.007871 0.014403 0.999865 0.279600 0.000000 0.000000 0.000000 1.000000
0.999825 -0.017205 0.007296 -0.000000 0.017315 0.999734 -0.015246 6.050100 -0.007031 0.015369 0.999857 0.279600 0.000000 0.000000 0.000000 1.000000
0.999861 -0.015576 0.005894 -0.000000 0.015672 0.999740 -0.016543 6.050100 -0.005635 0.016633 0.999846 0.279600 0.000000 0.000000 0.000000 1.000000
0.999898 -0.013621 0.004186 0.000000 0.013694 0.999745 -0.017957 6.050100 -0.003940 0.018013 0.999830 0.279600 0.000000 0.000000 0.000000 1.000000
0.999937 -0.010931 0.002466 0.000000 0.010976 0.999754 -0.019253 6.050100 -0.002255 0.019278 0.999812 0.279600 0.000000 0.000000 0.000000 1.000000
0.999985 -0.005388 0.000514 -0.000000 0.005397 0.999784 -0.020055 6.050100 -0.000405 0.020058 0.999799 0.279600 0.000000 0.000000 0.000000 1.000000
0.999989 0.004073 -0.002211 0.000000 -0.004116 0.999793 -0.019927 6.050100 0.002129 0.019936 0.999799 0.279600 0.000000 0.000000 0.000000 1.000000
0.999876 0.014756 -0.005504 0.000000 -0.014854 0.999722 -0.018284 6.050100 0.005232 0.018364 0.999818 0.279600 0.000000 0.000000 0.000000 1.000000
0.999735 0.021547 -0.008110 0.000000 -0.021667 0.999652 -0.015018 6.050100 0.007784 0.015190 0.999854 0.279600 0.000000 0.000000 0.000000 1.000000
0.999718 0.022848 -0.006409 0.000000 -0.022911 0.999688 -0.009966 6.050100 0.006179 0.010110 0.999930 0.279600 0.000000 0.000000 0.000000 1.000000
0.999582 0.026299 0.012027 -0.000000 -0.026340 0.999648 0.003241 6.050100 -0.011938 -0.003556 0.999922 0.279600 0.000000 0.000000 0.000000 1.000000
0.998566 0.030483 0.044007 0.000000 -0.031490 0.999254 0.022371 6.050100 -0.043292 -0.023725 0.998781 0.279600 0.000000 0.000000 0.000000 1.000000
0.995896 0.032713 0.084389 0.000000 -0.036546 0.998350 0.044282 6.050100 -0.082802 -0.047184 0.995448 0.279600 0.000000 0.000000 0.000000 1.000000
0.991486 0.030244 0.126652 0.000000 -0.038979 0.996987 0.067068 6.050100 -0.124242 -0.071434 0.989677 0.279600 0.000000 0.000000 0.000000 1.000000
0.986698 0.023587 0.160845 0.000000 -0.037602 0.995701 0.084650 6.050100 -0.158157 -0.089572 0.983343 0.279600 0.000000 0.000000 0.000000 1.000000
0.984003 0.014334 0.177573 -0.000000 -0.030033 0.995839 0.086043 6.050100 -0.175601 -0.090000 0.980339 0.279600 0.000000 0.000000 0.000000 1.000000
0.983399 0.005071 0.181388 0.000000 -0.018752 0.997097 0.073790 6.050100 -0.180487 -0.075967 0.980639 0.279600 0.000000 0.000000 0.000000 1.000000
0.984287 -0.006291 0.176467 -0.000000 -0.003778 0.998386 0.056661 6.050100 -0.176538 -0.056438 0.982674 0.279600 0.000000 0.000000 0.000000 1.000000
0.985824 -0.022766 0.166231 0.000000 0.016112 0.999018 0.041268 6.050100 -0.167007 -0.038005 0.985223 0.279600 0.000000 0.000000 0.000000 1.000000
0.987496 -0.042701 0.151750 0.000000 0.039253 0.998900 0.025649 6.050100 -0.152678 -0.019372 0.988086 0.279600 0.000000 0.000000 0.000000 1.000000
0.988933 -0.065120 0.133308 -0.000000 0.064319 0.997876 0.010311 6.050100 -0.133696 -0.001623 0.991021 0.279600 0.000000 0.000000 0.000000 1.000000
0.989466 -0.090720 0.112810 0.000000 0.091332 0.995820 -0.000259 6.050100 -0.112315 0.010559 0.993617 0.279600 0.000000 0.000000 0.000000 1.000000
0.987961 -0.124282 0.092122 0.000000 0.125275 0.992109 -0.005049 6.050100 -0.090767 0.016528 0.995735 0.279600 0.000000 0.000000 0.000000 1.000000
0.982955 -0.169306 0.071662 0.000000 0.170503 0.985297 -0.010883 6.050100 -0.068765 0.022916 0.997370 0.279600 0.000000 0.000000 0.000000 1.000000
0.975365 -0.214329 0.052219 0.000000 0.215504 0.976338 -0.017956 6.050100 -0.047135 0.028767 0.998474 0.279600 0.000000 0.000000 0.000000 1.000000
0.967096 -0.251999 0.034961 0.000000 0.252950 0.967128 -0.026059 6.050100 -0.027245 0.034045 0.999049 0.279600 0.000000 0.000000 0.000000 1.000000
0.959196 -0.281933 0.021398 0.000000 0.282648 0.958090 -0.046625 6.050100 -0.007356 0.050771 0.998683 0.279600 0.000000 0.000000 0.000000 1.000000
0.956549 -0.291347 0.011447 0.000000 0.291469 0.954431 -0.064093 6.050100 0.007748 0.064645 0.997878 0.279600 0.000000 0.000000 0.000000 1.000000
0.958900 -0.283733 0.002498 0.000000 0.283070 0.955981 -0.077275 6.050100 0.019537 0.074806 0.997007 0.279600 0.000000 0.000000 0.000000 1.000000
0.963391 -0.267986 -0.007854 0.000000 0.266234 0.959722 -0.089739 6.050100 0.031587 0.084362 0.995934 0.279600 0.000000 0.000000 0.000000 1.000000
0.969474 -0.244325 -0.020639 0.000000 0.241220 0.965466 -0.098428 6.050100 0.043975 0.090444 0.994930 0.279600 0.000000 0.000000 0.000000 1.000000
0.976129 -0.214186 -0.035998 0.000000 0.209375 0.972052 -0.106189 6.050100 0.057736 0.096117 0.993694 0.279600 0.000000 0.000000 0.000000 1.000000
0.982503 -0.178655 -0.052638 0.000000 0.171948 0.978691 -0.112242 6.050100 0.071568 0.101227 0.992286 0.279600 0.000000 0.000000 0.000000 1.000000
0.987724 -0.140240 -0.068805 -0.000000 0.131753 0.984548 -0.115355 6.050100 0.083919 0.104874 0.990938 0.279600 0.000000 0.000000 0.000000 1.000000
0.991292 -0.101604 -0.083762 -0.000000 0.091697 0.989163 -0.114670 6.050100 0.094505 0.105990 0.989866 0.279600 0.000000 0.000000 0.000000 1.000000
0.993051 -0.067014 -0.096739 0.000000 0.056236 0.992324 -0.110138 6.050100 0.103377 0.103933 0.989197 0.279600 0.000000 0.000000 0.000000 1.000000
0.993572 -0.041233 -0.105425 0.000000 0.030219 0.994117 -0.104009 6.050100 0.109094 0.100154 0.988973 0.279600 0.000000 0.000000 0.000000 1.000000
0.993865 -0.026353 -0.107413 0.000000 0.015701 0.994980 -0.098834 6.050100 0.109479 0.096541 0.989290 0.279600 0.000000 0.000000 0.000000 1.000000
0.994478 -0.021001 -0.102821 0.000000 0.011270 0.995478 -0.094324 6.050100 0.104337 0.092645 0.990217 0.279600 0.000000 0.000000 0.000000 1.000000
0.995290 -0.020735 -0.094702 0.000000 0.012473 0.996129 -0.087012 6.050100 0.096140 0.085421 0.991696 0.279600 0.000000 0.000000 0.000000 1.000000
0.995959 -0.023019 -0.086804 0.000000 0.016108 0.996706 -0.079486 6.050100 0.088348 0.077767 0.993049 0.279600 0.000000 0.000000 0.000000 1.000000
0.996371 -0.025260 -0.081288 -0.000000 0.019123 0.996969 -0.075413 6.050100 0.082946 0.073585 0.993834 0.279600 0.000000 0.000000 0.000000 1.000000
0.996664 -0.025354 -0.077574 0.000000 0.019611 0.997072 -0.073917 6.050100 0.079221 0.072149 0.994243 0.279600 0.000000 0.000000 0.000000 1.000000
0.997049 -0.024190 -0.072862 -0.000000 0.019005 0.997293 -0.071036 6.050100 0.074383 0.069442 0.994809 0.279600 0.000000 0.000000 0.000000 1.000000
0.997590 -0.023099 -0.065424 0.000000 0.018978 0.997838 -0.062927 6.050100 0.066736 0.061534 0.995871 0.279600 0.000000 0.000000 0.000000 1.000000
0.998141 -0.023609 -0.056190 0.000000 0.020648 0.998397 -0.052697 6.050100 0.057344 0.051439 0.997028 0.279600 0.000000 0.000000 0.000000 1.000000
0.998591 -0.025065 -0.046777 0.000000 0.022928 0.998693 -0.045673 6.050100 0.047861 0.044537 0.997861 0.279600 0.000000 0.000000 0.000000 1.000000
0.998988 -0.025159 -0.037279 0.000000 0.023645 0.998899 -0.040509 6.050100 0.038258 0.039587 0.998483 0.279600 0.000000 0.000000 0.000000 1.000000
0.999361 -0.023157 -0.027218 -0.000000 0.022258 0.999211 -0.032891 6.050100 0.027958 0.032264 0.999088 0.279600 0.000000 0.000000 0.000000 1.000000
0.999669 -0.019448 -0.016834 0.000000 0.019051 0.999543 -0.023459 6.050100 0.017282 0.023131 0.999583 0.279600 0.000000 0.000000 0.000000 1.000000
0.999851 -0.015795 -0.007003 0.000000 0.015691 0.999769 -0.014687 6.050100 0.007234 0.014575 0.999868 0.279600 0.000000 0.000000 0.000000 1.000000
0.999924 -0.012247 0.001143 -0.000000 0.012256 0.999888 -0.008543 6.050100 -0.001038 0.008557 0.999963 0.279600 0.000000 0.000000 0.000000 1.000000
0.999934 -0.009344 0.006632 -0.000000 0.009376 0.999944 -0.004805 6.050100 -0.006587 0.004867 0.999966 0.279600 0.000000 0.000000 0.000000 1.000000
0.999917 -0.008787 0.009433 0.000000 0.008828 0.999952 -0.004301 6.050100 -0.009395 0.004384 0.999946 0.279600 0.000000 0.000000 0.000000 1.000000
0.999874 -0.012083 0.010340 0.000000 0.012170 0.999890 -0.008456 6.050100 -0.010237 0.008581 0.999911 0.279600 0.000000 0.000000 0.000000 1.000000
0.999795 -0.016814 0.011279 -0.000000 0.016982 0.999745 -0.014893 6.050100 -0.011025 0.015081 0.999825 0.279600 0.000000 0.000000 0.000000 1.000000
0.999752 -0.018245 0.012739 0.000000 0.018475 0.999664 -0.018195 6.050100 -0.012403 0.018426 0.999753 0.279600 0.000000 0.000000 0.000000 1.000000
0.999779 -0.016367 0.013225 0.000000 0.016593 0.999715 -0.017165 6.050100 -0.012940 0.017381 0.999765 0.279600 0.000000 0.000000 0.000000 1.000000
0.999802 -0.015239 0.012831 0.000000 0.015428 0.999771 -0.014808 6.050100 -0.012602 0.015003 0.999808 0.279600 0.000000 0.000000 0.000000 1.000000
0.999804 -0.015316 0.012515 0.000000 0.015490 0.999784 -0.013874 6.050100 -0.012300 0.014065 0.999825 0.279600 0.000000 0.000000 0.000000 1.000000
0.999814 -0.014640 0.012523 0.000000 0.014822 0.999784 -0.014602 6.050100 -0.012307 0.014785 0.999815 0.279600 0.000000 0.000000 0.000000 1.000000
0.999834 -0.013172 0.012574 0.000000 0.013373 0.999783 -0.015997 6.050100 -0.012361 0.016163 0.999793 0.279600 0.000000 0.000000 0.000000 1.000000
0.999843 -0.012440 0.012605 0.000000 0.012660 0.999767 -0.017511 6.050100 -0.012385 0.017668 0.999767 0.279600 0.000000 0.000000 0.000000 1.000000
0.999838 -0.012856 0.012604 0.000000 0.013093 0.999734 -0.018963 6.050100 -0.012356 0.019124 0.999741 0.279600 0.000000 0.000000 0.000000 1.000000
0.999835 -0.013309 0.012351 0.000000 0.013551 0.999713 -0.019739 6.050100 -0.012085 0.019903 0.999729 0.279600 0.000000 0.000000 0.000000 1.000000
0.999846 -0.013020 0.011749 0.000000 0.013244 0.999727 -0.019258 6.050100 -0.011495 0.019411 0.999746 0.279600 0.000000 0.000000 0.000000 1.000000
0.999862 -0.012457 0.011023 0.000000 0.012652 0.999761 -0.017815 6.050100 -0.010798 0.017952 0.999781 0.279600 0.000000 0.000000 0.000000 1.000000
0.999868 -0.012462 0.010428 0.000000 0.012631 0.999788 -0.016275 6.050100 -0.010223 0.016404 0.999813 0.279600 0.000000 0.000000 0.000000 1.000000
